0	
0	
0	
0	
0	
0	
0	
0	
0	
0	
0	
0	
0	
0	
0	
0	
0	
0	
0	
0	
0	
0	
0	
0	
0	
0	
0	
0	
0	
0	
0	
0	
0	
0	
0	
0	
0	
0	
0	
0	
0	
0	
0	
0	
0	
0	
0	
0	
0	
0	
0	
0	
0	
0	
0	
0	
0	
0	
0	
0	
0	
0	
0	
0	
0	
0	
0	
0	
0	
0	
0	
0	
0	
0	
0	
0	
0	
0	
0	
0	
0	
0	
0	
0	
0	
0	
0	
0	
0	
0	
0	
0	
0	
0	
0	
0	
0	
0	
0	
0	
0	
0	
0	
0	
0	
0	
0	
0	
0	
0	
0	
0	
0	
0	
0	
0	
0	
0	
0	
0	
0	
0	
0	
0	
0	
0	
0	
0	
0	
0	
0	
0	
0	
0	
0	
0	
0	
0	
0	
0	
0	
0	
0	
0	
0	
0	
0	
0	
0	
0	
0	
0	
0	
0	
0	
0	
0	
0	
0	
0	
0	
0	
0	
0	
0	
0	
0	
0	
0	
0	
0	
0	
0	
0	
0	
0	
0	
0	
0	
0	
0	
0	
0	
0	
0	
0	
0	
0	
0	
0	
0	
0	
0	
0	
0	
0	
0	
0	
0	
0	
0	
0	
0	
0	
0	
0	
0	
0	
0	
0	
0	
0	
0	
0	
0	
0	
0	
0	
0	
0	
0	
0	
0	
0	
0	
0	
0	
0	
0	
0	
0	
0	
0	
0	
0	
0	
0	
0	
0	
0	
0	
0	
0	
0	
0	
0	
0	
0	
0	
0	
0	
0	
0	
0	
0	
0	
0	
0	
0	
0	
0	
0	
0	
0	
0	
0	
0	
0	
0	
0	
0	
0	
0	
0	
0	
0	
0	
0	
0	
0	
0	
0	
0	
0	
0	
0	
0	
0	
0	
0	
0	
0	
0	
0	
0	
0	
0	
0	
0	
0	
0	
0	
0	
0	
0	
0	
0	
0	
0	
0	
0	
0	
0	
0	
0	
0	
0	
0	
0	
0	
0	
0	
0.00025	
0.0005	
0.00075	
0.001	
0.00125	
0.00175	
0.002	
0.0025	
0.00275	
0.003	
0.00325	
0.00375	
0.004	
0.00425	
0.00475	
0.005	
0.00525	
0.0055	
0.006	
0.00625	
0.0065	
0.00675	
0.007	
0.0075	
0.00775	
0.008	
0.00825	
0.0085	
0.009	
0.00925	
0.00975	
0.01	
0.01025	
0.01075	
0.011	
0.0115	
0.01175	
0.01225	
0.0125	
0.01275	
0.01325	
0.0135	
0.014	
0.01425	
0.0145	
0.01475	
0.015	
0.01525	
0.01575	
0.016	
0.0165	
0.01675	
0.017	
0.0175	
0.01775	
0.018	
0.0185	
0.01875	
0.019	
0.0195	
0.01975	
0.02	
0.0205	
0.02075	
0.021	
0.0215	
0.02175	
0.022	
0.02225	
0.02275	
0.023	
0.0235	
0.02375	
0.02425	
0.0245	
0.02475	
0.02525	
0.0255	
0.026	
0.02625	
0.0265	
0.027	
0.02725	
0.02775	
0.028	
0.0285	
0.02875	
0.02925	
0.02925	
0.0295	
0.03	
0.03025	
0.0305	
0.03075	
0.031	
0.0315	
0.03175	
0.032	
0.03225	
0.03275	
0.033	
0.03325	
0.03375	
0.034	
0.03425	
0.03475	
0.035	
0.0355	
0.03575	
0.036	
0.0365	
0.03675	
0.037	
0.03725	
0.0375	
0.03775	
0.03825	
0.0385	
0.03875	
0.03925	
0.0395	
0.04	
0.04025	
0.0405	
0.041	
0.04125	
0.04175	
0.042	
0.04225	
0.0425	
0.04275	
0.043	
0.04325	
0.04375	
0.044	
0.04425	
0.0445	
0.045	
0.04525	
0.0455	
0.04575	
0.04625	
0.0465	
0.047	
0.04725	
0.04775	
0.048	
0.04825	
0.0485	
0.049	
0.04925	
0.04975	
0.05	
0.05025	
0.0505	
0.051	
0.05125	
0.05175	
0.052	
0.05225	
0.0525	
0.05275	
0.053	
0.05325	
0.05375	
0.054	
0.05425	
0.05475	
0.055	
0.05525	
0.0555	
0.056	
0.05625	
0.0565	
0.057	
0.05725	
0.0575	
0.05775	
0.05825	
0.0585	
0.05875	
0.05925	
0.0595	
0.05975	
0.06	
0.06025	
0.0605	
0.061	
0.06125	
0.0615	
0.06175	
0.06225	
0.0625	
0.063	
0.06325	
0.0635	
0.06375	
0.06425	
0.0645	
0.06475	
0.065	
0.0655	
0.06575	
0.066	
0.0665	
0.06675	
0.067	
0.06725	
0.06775	
0.068	
0.06825	
0.0685	
0.06875	
0.069	
0.0695	
0.06975	
0.07025	
0.0705	
0.07075	
0.07125	
0.0715	
0.07175	
0.07225	
0.0725	
0.07275	
0.07325	
0.0735	
0.074	
0.07425	
0.0745	
0.07475	
0.075	
0.0755	
0.07575	
0.076	
0.0765	
0.07675	
0.07725	
0.0775	
0.07775	
0.07825	
0.0785	
0.07875	
0.079	
0.0795	
0.07975	
0.08	
0.0805	
0.08075	
0.081	
0.08125	
0.0815	
0.08175	
0.082	
0.08225	
0.0825	
0.08275	
0.08325	
0.0835	
0.08375	
0.084	
0.0845	
0.0845	
0.085	
0.08525	
0.0855	
0.08575	
0.08625	
0.0865	
0.08675	
0.087	
0.08725	
0.08775	
0.088	
0.08825	
0.0885	
0.089	
0.08925	
0.0895	
0.08975	
0.09	
0.09025	
0.0905	
0.09075	
0.091	
0.09125	
0.09175	
0.092	
0.0925	
0.09275	
0.093	
0.09325	
0.0935	
0.094	
0.09425	
0.09475	
0.095	
0.09525	
0.0955	
0.09575	
0.09625	
0.0965	
0.09675	
0.097	
0.09725	
0.0975	
0.098	
0.09825	
0.0985	
0.099	
0.09925	
0.0995	
0.09975	
0.10025	
0.1005	
0.10075	
0.101	
0.1015	
0.10175	
0.102	
0.10225	
0.1025	
0.103	
0.10325	
0.1035	
0.104	
0.10425	
0.1045	
0.10475	
0.105	
0.10525	
0.1055	
0.10575	
0.10625	
0.1065	
0.10675	
0.10725	
0.1075	
0.108	
0.10825	
0.1085	
0.109	
0.10925	
0.1095	
0.11	
0.11025	
0.1105	
0.11075	
0.11125	
0.1115	
0.11175	
0.112	
0.1125	
0.11275	
0.113	
0.11325	
0.1135	
0.11375	
0.11425	
0.1145	
0.115	
0.11525	
0.1155	
0.11575	
0.11625	
0.1165	
0.11675	
0.11725	
0.1175	
0.11775	
0.118	
0.1185	
0.11875	
0.11925	
0.11925	
0.1195	
0.12	
0.12025	
0.12075	
0.121	
0.12125	
0.1215	
0.122	
0.12225	
0.12275	
0.123	
0.12325	
0.1235	
0.124	
0.12425	
0.1245	
0.125	
0.12525	
0.1255	
0.12575	
0.12625	
0.1265	
0.12675	
0.127	
0.12725	
0.12775	
0.128	
0.1285	
0.12875	
0.129	
0.12925	
0.1295	
0.13	
0.13025	
0.1305	
0.131	
0.13125	
0.1315	
0.132	
0.13225	
0.1325	
0.133	
0.13325	
0.1335	
0.134	
0.13425	
0.1345	
0.13475	
0.135	
0.13525	
0.13575	
0.136	
0.13625	
0.1365	
0.13675	
0.13725	
0.1375	
0.138	
0.13825	
0.13875	
0.139	
0.13925	
0.13975	
0.14	
0.1405	
0.14075	
0.141	
0.14125	
0.14175	
0.142	
0.14225	
0.1425	
0.14275	
0.14325	
0.1435	
0.14375	
0.144	
0.1445	
0.14475	
0.14525	
0.1455	
0.14575	
0.14625	
0.1465	
0.147	
0.14725	
0.1475	
0.148	
0.14825	
0.1485	
0.149	
0.14925	
0.1495	
0.14975	
0.15	
0.15025	
0.1505	
0.15075	
0.15125	
0.1515	
0.15175	
0.15225	
0.1525	
0.15275	
0.153	
0.1535	
0.15375	
0.15425	
0.1545	
0.15475	
0.15525	
0.1555	
0.15575	
0.15625	
0.1565	
0.15675	
0.157	
0.15725	
0.15775	
0.158	
0.15825	
0.1585	
0.15875	
0.159	
0.1595	
0.15975	
0.16	
0.1605	
0.16075	
0.161	
0.1615	
0.16175	
0.162	
0.16225	
0.16275	
0.163	
0.1635	
0.16375	
0.164	
0.16425	
0.1645	
0.165	
0.16525	
0.1655	
0.16575	
0.166	
0.16625	
0.16675	
0.167	
0.1675	
0.16775	
0.168	
0.16825	
0.16875	
0.169	
0.16925	
0.16975	
0.17	
0.17025	
0.1705	
0.171	
0.17125	
0.1715	
0.17175	
0.172	
0.17225	
0.1725	
0.173	
0.17325	
0.1735	
0.17375	
0.17425	
0.1745	
0.17475	
0.17525	
0.1755	
0.17575	
0.17625	
0.1765	
0.177	
0.17725	
0.1775	
0.17775	
0.17825	
0.1785	
0.179	
0.17925	
0.1795	
0.17975	
0.18	
0.1805	
0.18075	
0.181	
0.18125	
0.18175	
0.182	
0.18225	
0.18275	
0.183	
0.1835	
0.18375	
0.184	
0.1845	
0.18475	
0.18525	
0.1855	
0.18575	
0.18625	
0.1865	
0.18675	
0.187	
0.18725	
0.1875	
0.188	
0.1885	
0.18875	
0.189	
0.1895	
0.18975	
0.19	
0.1905	
0.19075	
0.191	
0.1915	
0.19175	
0.192	
0.1925	
0.19275	
0.19325	
0.1935	
0.194	
0.19425	
0.1945	
0.19475	
0.195	
0.19525	
0.19575	
0.196	
0.19625	
0.19675	
0.197	
0.1975	
0.19775	
0.19825	
0.1985	
0.199	
0.19925	
0.1995	
0.2	
0.20025	
0.20075	
0.201	
0.2015	
0.20175	
0.202	
0.20225	
0.2025	
0.203	
0.20325	
0.2035	
0.204	
0.20425	
0.20475	
0.205	
0.2055	
0.20575	
0.206	
0.2065	
0.20675	
0.20725	
0.2075	
0.208	
0.20825	
0.2085	
0.209	
0.20925	
0.2095	
0.20975	
0.21	
0.2105	
0.21075	
0.211	
0.2115	
0.21175	
0.212	
0.2125	
0.21275	
0.21325	
0.2135	
0.21375	
0.21425	
0.2145	
0.21475	
0.21525	
0.2155	
0.216	
0.21625	
0.2165	
0.21675	
0.21725	
0.2175	
0.21775	
0.21825	
0.2185	
0.21875	
0.21925	
0.2195	
0.21975	
0.22	
0.2205	
0.22075	
0.221	
0.2215	
0.22175	
0.22225	
0.2225	
0.22275	
0.22325	
0.2235	
0.22375	
0.22425	
0.2245	
0.22475	
0.225	
0.22525	
0.22575	
0.226	
0.22625	
0.22675	
0.227	
0.2275	
0.22775	
0.228	
0.2285	
0.22875	
0.22925	
0.2295	
0.23	
0.23025	
0.2305	
0.231	
0.23125	
0.23175	
0.23175	
0.23225	
0.2325	
0.23275	
0.233	
0.2335	
0.23375	
0.23425	
0.2345	
0.23475	
0.23525	
0.2355	
0.236	
0.23625	
0.2365	
0.237	
0.23725	
0.2375	
0.238	
0.23825	
0.2385	
0.239	
0.23925	
0.2395	
0.23975	
0.24025	
0.2405	
0.24075	
0.24125	
0.24175	
0.242	
0.24225	
0.24275	
0.243	
0.2435	
0.24375	
0.24425	
0.2445	
0.24475	
0.24525	
0.2455	
0.246	
0.24625	
0.2465	
0.24675	
0.247	
0.2475	
0.24775	
0.248	
0.2485	
0.24875	
0.249	
0.2495	
0.24975	
0.25	
0.25025	
0.25075	
0.251	
0.2515	
0.25175	
0.25225	
0.2525	
0.25275	
0.25325	
0.2535	
0.254	
0.25425	
0.2545	
0.25475	
0.255	
0.2555	
0.25575	
0.256	
0.2565	
0.25675	
0.257	
0.2575	
0.25775	
0.25825	
0.2585	
0.259	
0.25925	
0.2595	
0.26	
0.26025	
0.26075	
0.261	
0.26125	
0.26175	
0.262	
0.26225	
0.26225	
0.26275	
0.263	
0.2635	
0.26375	
0.26425	
0.2645	
0.26475	
0.265	
0.2655	
0.26575	
0.266	
0.2665	
0.26675	
0.267	
0.2675	
0.26775	
0.26825	
0.2685	
0.269	
0.26925	
0.2695	
0.26975	
0.27	
0.2705	
0.27075	
0.271	
0.2715	
0.27175	
0.27225	
0.2725	
0.27275	
0.27325	
0.2735	
0.274	
0.27425	
0.2745	
0.275	
0.27525	
0.27575	
0.276	
0.27625	
0.2765	
0.27675	
0.27725	
0.2775	
0.27775	
0.278	
0.27825	
0.2785	
0.279	
0.27925	
0.27975	
0.28	
0.2805	
0.28075	
0.281	
0.2815	
0.28175	
0.28225	
0.2825	
0.28275	
0.28325	
0.2835	
0.284	
0.28425	
0.2845	
0.28475	
0.285	
0.28525	
0.28575	
0.28625	
0.2865	
0.28675	
0.28725	
0.2875	
0.28775	
0.28825	
0.2885	
0.289	
0.28925	
0.2895	
0.29	
0.29025	
0.29075	
0.291	
0.2915	
0.29175	
0.292	
0.29225	
0.29275	
0.293	
0.29325	
0.2935	
0.29375	
0.29425	
0.2945	
0.295	
0.29525	
0.2955	
0.296	
0.29625	
0.2965	
0.297	
0.29725	
0.2975	
0.298	
0.29825	
0.2985	
0.299	
0.29925	
0.2995	
0.29975	
0.3	
0.30025	
0.3005	
0.301	
0.30125	
0.3015	
0.302	
0.30225	
0.3025	
0.30275	
0.30325	
0.3035	
0.304	
0.30425	
0.30475	
0.305	
0.30525	
0.30575	
0.306	
0.3065	
0.30675	
0.307	
0.30725	
0.3075	
0.308	
0.30825	
0.3085	
0.309	
0.30925	
0.3095	
0.31	
0.31025	
0.3105	
0.311	
0.31125	
0.3115	
0.31175	
0.31225	
0.3125	
0.31275	
0.31325	
0.3135	
0.31375	
0.314	
0.31425	
0.3145	
0.315	
0.31525	
0.3155	
0.31575	
0.31625	
0.3165	
0.31675	
0.31725	
0.3175	
0.318	
0.31825	
0.3185	
0.319	
0.31925	
0.31975	
0.32	
0.32025	
0.32075	
0.321	
0.32125	
0.32175	
0.322	
0.32225	
0.3225	
0.32275	
0.32325	
0.3235	
0.324	
0.32425	
0.3245	
0.325	
0.32525	
0.3255	
0.326	
0.32625	
0.32675	
0.327	
0.32725	
0.32775	
0.328	
0.32825	
0.32875	
0.329	
0.32925	
0.3295	
0.33	
0.33025	
0.3305	
0.33075	
0.33125	
0.3315	
0.332	
0.33225	
0.3325	
0.33275	
0.33325	
0.3335	
0.334	
0.33425	
0.33475	
0.335	
0.33525	
0.3355	
0.336	
0.33625	
0.33675	
0.33675	
0.337	
0.3375	
0.33775	
0.338	
0.33825	
0.33875	
0.339	
0.33925	
0.33975	
0.34	
0.34025	
0.34075	
0.341	
0.3415	
0.342	
0.34225	
0.34275	
0.343	
0.3435	
0.34375	
0.34425	
0.3445	
0.34475	
0.345	
0.3455	
0.34575	
0.34625	
0.3465	
0.347	
0.34725	
0.3475	
0.348	
0.34825	
0.34875	
0.349	
0.3495	
0.34975	
0.35	
0.3505	
0.35075	
0.35125	
0.3515	
0.35175	
0.35225	
0.3525	
0.35275	
0.353	
0.3535	
0.354	
0.35425	
0.35475	
0.355	
0.35525	
0.35575	
0.356	
0.3565	
0.357	
0.35725	
0.35775	
0.358	
0.35825	
0.35875	
0.35925	
0.35925	
0.35975	
0.36	
0.36025	
0.36075	
0.361	
0.3615	
0.36175	
0.36225	
0.3625	
0.36275	
0.36325	
0.3635	
0.364	
0.36425	
0.36475	
0.365	
0.3655	
0.36575	
0.366	
0.3665	
0.36675	
0.367	
0.3675	
0.36775	
0.368	
0.36825	
0.36875	
0.36925	
0.3695	
0.37	
0.37025	
0.3705	
0.371	
0.37125	
0.37175	
0.37225	
0.3725	
0.37275	
0.37325	
0.3735	
0.374	
0.37425	
0.3745	
0.375	
0.37525	
0.3755	
0.376	
0.37625	
0.37675	
0.377	
0.3775	
0.37775	
0.37825	
0.3785	
0.37875	
0.37925	
0.37975	
0.38	
0.38025	
0.38075	
0.381	
0.38125	
0.38175	
0.382	
0.38225	
0.38275	
0.383	
0.38325	
0.38375	
0.384	
0.3845	
0.385	
0.38525	
0.3855	
0.386	
0.38625	
0.38675	
0.387	
0.3875	
0.38775	
0.38825	
0.3885	
0.389	
0.38925	
0.3895	
0.38975	
0.39025	
0.3905	
0.391	
0.39125	
0.3915	
0.392	
0.3925	
0.39275	
0.393	
0.3935	
0.39375	
0.39425	
0.3945	
0.395	
0.39525	
0.39575	
0.396	
0.39625	
0.39675	
0.397	
0.39725	
0.39775	
0.398	
0.39825	
0.39875	
0.399	
0.3995	
0.4	
0.40025	
0.4005	
0.401	
0.40125	
0.40175	
0.402	
0.4025	
0.40275	
0.40325	
0.4035	
0.40375	
0.40425	
0.4045	
0.40475	
0.405	
0.4055	
0.40575	
0.40625	
0.4065	
0.40675	
0.407	
0.40725	
0.40775	
0.408	
0.4085	
0.40875	
0.409	
0.4095	
0.40975	
0.41025	
0.41075	
0.411	
0.41125	
0.41175	
0.412	
0.41225	
0.41275	
0.413	
0.41325	
0.4135	
0.41375	
0.41425	
0.4145	
0.41475	
0.415	
0.4155	
0.41575	
0.41625	
0.4165	
0.41675	
0.41725	
0.4175	
0.41775	
0.41825	
0.4185	
0.419	
0.41925	
0.4195	
0.41975	
0.42025	
0.4205	
0.42075	
0.421	
0.4215	
0.42175	
0.42225	
0.4225	
0.42275	
0.423	
0.4235	
0.424	
0.42425	
0.42475	
0.425	
0.42525	
0.42575	
0.426	
0.4265	
0.42675	
0.427	
0.42725	
0.4275	
0.428	
0.42825	
0.42875	
0.429	
0.4295	
0.42975	
0.43	
0.43025	
0.43075	
0.431	
0.4315	
0.43175	
0.432	
0.4325	
0.43275	
0.43325	
0.4335	
0.434	
0.43425	
0.4345	
0.43475	
0.435	
0.43525	
0.4355	
0.436	
0.43625	
0.43675	
0.437	
0.4375	
0.43775	
0.438	
0.4385	
0.439	
0.43925	
0.4395	
0.44	
0.44025	
0.4405	
0.441	
0.44125	
0.44175	
0.442	
0.44225	
0.4425	
0.44275	
0.443	
0.4435	
0.44375	
0.444	
0.4445	
0.44475	
0.44525	
0.4455	
0.44575	
0.44625	
0.4465	
0.447	
0.44725	
0.4475	
0.44775	
0.44825	
0.4485	
0.449	
0.44925	
0.4495	
0.44975	
0.45025	
0.4505	
0.45075	
0.451	
0.4515	
0.45175	
0.45225	
0.4525	
0.45275	
0.453	
0.4535	
0.45375	
0.454	
0.4545	
0.45475	
0.45525	
0.4555	
0.45575	
0.45625	
0.4565	
0.45675	
0.457	
0.4575	
0.45775	
0.458	
0.45825	
0.45875	
0.459	
0.4595	
0.45975	
0.46025	
0.4605	
0.46075	
0.46125	
0.4615	
0.46175	
0.46225	
0.4625	
0.46275	
0.46325	
0.4635	
0.46375	
0.46425	
0.4645	
0.46475	
0.46525	
0.4655	
0.46575	
0.466	
0.4665	
0.467	
0.46725	
0.4675	
0.468	
0.46825	
0.46875	
0.469	
0.4695	
0.46975	
0.47	
0.4705	
0.47075	
0.47125	
0.4715	
0.47175	
0.472	
0.4725	
0.47275	
0.473	
0.4735	
0.47375	
0.474	
0.4745	
0.47475	
0.47525	
0.4755	
0.47575	
0.47625	
0.4765	
0.477	
0.47725	
0.47775	
0.478	
0.4785	
0.47875	
0.479	
0.47925	
0.4795	
0.48	
0.48025	
0.4805	
0.481	
0.48125	
0.48175	
0.482	
0.4825	
0.48275	
0.483	
0.4835	
0.48375	
0.48425	
0.4845	
0.485	
0.48525	
0.4855	
0.486	
0.48625	
0.4865	
0.487	
0.48725	
0.4875	
0.488	
0.48825	
0.4885	
0.489	
0.48925	
0.48975	
0.49	
0.4905	
0.49075	
0.491	
0.4915	
0.49175	
0.49225	
0.4925	
0.493	
0.49325	
0.4935	
0.494	
0.49425	
0.4945	
0.495	
0.49525	
0.4955	
0.496	
0.49625	
0.49675	
0.497	
0.4975	
0.49775	
0.498	
0.4985	
0.49875	
0.49925	
0.4995	
0.49975	
0.50025	
0.5005	
0.50075	
0.50125	
0.5015	
0.50175	
0.50225	
0.5025	
0.50275	
0.50325	
0.5035	
0.504	
0.50425	
0.50475	
0.505	
0.5055	
0.50575	
0.50625	
0.5065	
0.507	
0.50725	
0.50775	
0.508	
0.5085	
0.50875	
0.50925	
0.5095	
0.50975	
0.51	
0.51025	
0.51075	
0.511	
0.51125	
0.51175	
0.512	
0.5125	
0.51275	
0.51325	
0.5135	
0.514	
0.51425	
0.51475	
0.51525	
0.5155	
0.51575	
0.51625	
0.5165	
0.51675	
0.51725	
0.5175	
0.51775	
0.51825	
0.5185	
0.51875	
0.51925	
0.5195	
0.52	
0.52025	
0.52075	
0.521	
0.5215	
0.52175	
0.52225	
0.5225	
0.523	
0.52325	
0.5235	
0.524	
0.52425	
0.5245	
0.52475	
0.52525	
0.5255	
0.52575	
0.52625	
0.5265	
0.52675	
0.52725	
0.52775	
0.528	
0.5285	
0.52875	
0.529	
0.5295	
0.52975	
0.53025	
0.5305	
0.531	
0.53125	
0.53175	
0.532	
0.53225	
0.5325	
0.533	
0.53325	
0.5335	
0.534	
0.53425	
0.53475	
0.535	
0.5355	
0.53575	
0.536	
0.53625	
0.5365	
0.537	
0.53725	
0.53775	
0.538	
0.5385	
0.53875	
0.539	
0.5395	
0.53975	
0.54	
0.54025	
0.54075	
0.541	
0.54125	
0.54175	
0.54225	
0.5425	
0.543	
0.54325	
0.5435	
0.544	
0.54425	
0.54475	
0.545	
0.5455	
0.54575	
0.54625	
0.5465	
0.54675	
0.547	
0.5475	
0.54775	
0.548	
0.54825	
0.54875	
0.549	
0.54925	
0.54975	
0.55	
0.55025	
0.55075	
0.551	
0.55125	
0.55175	
0.552	
0.5525	
0.553	
0.55325	
0.5535	
0.55375	
0.55425	
0.5545	
0.55475	
0.555	
0.55525	
0.5555	
0.556	
0.55625	
0.55675	
0.557	
0.55725	
0.55775	
0.558	
0.5585	
0.55875	
0.559	
0.5595	
0.56	
0.56025	
0.5605	
0.561	
0.56125	
0.56175	
0.562	
0.56225	
0.56275	
0.563	
0.56325	
0.56375	
0.564	
0.5645	
0.565	
0.56525	
0.56575	
0.566	
0.56625	
0.56675	
0.567	
0.5675	
0.568	
0.56825	
0.5685	
0.569	
0.56925	
0.5695	
0.57	
0.57025	
0.5705	
0.57075	
0.57125	
0.57175	
0.572	
0.5725	
0.57275	
0.573	
0.5735	
0.57375	
0.57425	
0.5745	
0.575	
0.57525	
0.57575	
0.576	
0.5765	
0.57675	
0.577	
0.57725	
0.57775	
0.578	
0.57825	
0.57875	
0.579	
0.5795	
0.57975	
0.58025	
0.5805	
0.581	
0.58125	
0.5815	
0.582	
0.5825	
0.58275	
0.58325	
0.5835	
0.58375	
0.58425	
0.5845	
0.58475	
0.585	
0.5855	
0.58575	
0.586	
0.5865	
0.587	
0.58725	
0.5875	
0.588	
0.58825	
0.5885	
0.589	
0.58925	
0.58975	
0.59	
0.5905	
0.59075	
0.591	
0.5915	
0.59175	
0.592	
0.59225	
0.5925	
0.593	
0.59325	
0.5935	
0.594	
0.59425	
0.59475	
0.59525	
0.5955	
0.59575	
0.59625	
0.5965	
0.59675	
0.59725	
0.5975	
0.59775	
0.59825	
0.5985	
0.59875	
0.59925	
0.5995	
0.59975	
0.6	
0.6005	
0.60075	
0.60125	
0.6015	
0.602	
0.60225	
0.60275	
0.603	
0.6035	
0.60375	
0.604	
0.6045	
0.60475	
0.60525	
0.60575	
0.606	
0.60625	
0.60675	
0.607	
0.6075	
0.60775	
0.608	
0.6085	
0.60875	
0.609	
0.6095	
0.61	
0.61025	
0.61075	
0.611	
0.61125	
0.61175	
0.612	
0.6125	
0.61275	
0.613	
0.6135	
0.61375	
0.61425	
0.6145	
0.61475	
0.615	
0.6155	
0.61575	
0.61625	
0.6165	
0.61675	
0.61725	
0.61775	
0.618	
0.6185	
0.61875	
0.619	
0.6195	
0.61975	
0.62025	
0.62075	
0.621	
0.62125	
0.62175	
0.622	
0.62225	
0.6225	
0.623	
0.62325	
0.6235	
0.624	
0.6245	
0.62475	
0.625	
0.6255	
0.62575	
0.62625	
0.6265	
0.627	
0.62725	
0.62775	
0.628	
0.6285	
0.62875	
0.62925	
0.62925	
0.6295	
0.63	
0.63025	
0.6305	
0.631	
0.63125	
0.6315	
0.632	
0.63225	
0.63275	
0.63325	
0.6335	
0.63375	
0.63425	
0.6345	
0.635	
0.6355	
0.63575	
0.636	
0.6365	
0.63675	
0.637	
0.63725	
0.63775	
0.638	
0.6385	
0.63875	
0.639	
0.6395	
0.63975	
0.64025	
0.6405	
0.641	
0.64125	
0.64175	
0.642	
0.64225	
0.64275	
0.64325	
0.6435	
0.64375	
0.64425	
0.64425	
0.64475	
0.645	
0.64525	
0.6455	
0.6455	
0.64575	
0.646	
0.64625	
0.6465	
0.64675	
0.647	
0.64725	
0.6475	
0.64775	
0.648	
0.64825	
0.6485	
0.6485	
0.64875	
0.649	
0.64925	
0.64975	
0.65	
0.65025	
0.65075	
0.651	
0.6515	
0.65175	
0.652	
0.65225	
0.65275	
0.653	
0.65325	
0.65375	
0.654	
0.65425	
0.65475	
0.655	
0.6555	
0.65575	
0.65625	
0.6565	
0.657	
0.65725	
0.65775	
0.658	
0.6585	
0.65875	
0.659	
0.65925	
0.65975	
0.66	
0.66025	
0.6605	
0.66075	
0.661	
0.66125	
0.66175	
0.662	
0.6625	
0.66275	
0.663	
0.6635	
0.66375	
0.66425	
0.6645	
0.66475	
0.66525	
0.6655	
0.66575	
0.666	
0.6665	
0.66675	
0.667	
0.66725	
0.6675	
0.66775	
0.668	
0.6685	
0.66875	
0.66925	
0.6695	
0.67	
0.67025	
0.6705	
0.67075	
0.67125	
0.6715	
0.672	
0.67225	
0.6725	
0.673	
0.67325	
0.67375	
0.674	
0.67425	
0.6745	
0.67475	
0.675	
0.6755	
0.67575	
0.67625	
0.6765	
0.67675	
0.677	
0.6775	
0.67775	
0.67775	
0.678	
0.678	
0.678	
0.67825	
0.67825	
0.6785	
0.67875	
0.679	
0.67925	
0.6795	
0.67975	
0.68	
0.6805	
0.68075	
0.68125	
0.68175	
0.682	
0.68225	
0.6825	
0.68275	
0.68325	
0.6835	
0.684	
0.68425	
0.68475	
0.685	
0.6855	
0.68575	
0.68625	
0.6865	
0.68675	
0.687	
0.6875	
0.68775	
0.68825	
0.6885	
0.68875	
0.68925	
0.6895	
0.68975	
0.69025	
0.6905	
0.69075	
0.691	
0.6915	
0.69175	
0.69225	
0.6925	
0.69275	
0.693	
0.6935	
0.69375	
0.69425	
0.6945	
0.695	
0.69525	
0.6955	
0.696	
0.69625	
0.6965	
0.69675	
0.697	
0.6975	
0.69775	
0.698	
0.69825	
0.69875	
0.699	
0.69925	
0.69975	
0.7	
0.70025	
0.70075	
0.701	
0.7015	
0.70175	
0.70225	
0.7025	
0.70275	
0.70325	
0.7035	
0.704	
0.70425	
0.7045	
0.70475	
0.705	
0.70525	
0.70575	
0.706	
0.7065	
0.70675	
0.707	
0.7075	
0.70775	
0.70825	
0.7085	
0.70875	
0.70925	
0.7095	
0.70975	
0.71025	
0.7105	
0.711	
0.71125	
0.7115	
0.71175	
0.712	
0.71225	
0.7125	
0.71275	
0.713	
0.713	
0.71325	
0.7135	
0.71375	
0.71425	
0.7145	
0.71475	
0.71525	
0.7155	
0.71575	
0.71625	
0.7165	
0.717	
0.71725	
0.71775	
0.718	
0.71825	
0.71875	
0.719	
0.71925	
0.7195	
0.71975	
0.72025	
0.7205	
0.72075	
0.72125	
0.7215	
0.72175	
0.72225	
0.7225	
0.72275	
0.72325	
0.7235	
0.724	
0.72425	
0.7245	
0.725	
0.72525	
0.7255	
0.726	
0.72625	
0.72675	
0.72675	
0.72725	
0.7275	
0.72775	
0.72825	
0.7285	
0.729	
0.72925	
0.72975	
0.73	
0.7305	
0.73075	
0.73125	
0.7315	
0.73175	
0.732	
0.732	
0.73225	
0.7325	
0.73275	
0.733	
0.73325	
0.7335	
0.73375	
0.734	
0.734	
0.73425	
0.7345	
0.735	
0.73525	
0.7355	
0.736	
0.73625	
0.73675	
0.737	
0.73725	
0.7375	
0.73775	
0.738	
0.73825	
0.7385	
0.73875	
0.73875	
0.739	
0.7395	
0.73975	
0.74	
0.7405	
0.74075	
0.74125	
0.74175	
0.74175	
0.74225	
0.7425	
0.74275	
0.74325	
0.74375	
0.744	
0.7445	
0.74475	
0.745	
0.7455	
0.74575	
0.74625	
0.7465	
0.74675	
0.74725	
0.7475	
0.748	
0.74825	
0.7485	
0.749	
0.74925	
0.7495	
0.74975	
0.75	
0.7505	
0.75075	
0.751	
0.75125	
0.75175	
0.752	
0.75225	
0.75275	
0.753	
0.7535	
0.75375	
0.75425	
0.7545	
0.75475	
0.75525	
0.7555	
0.756	
0.75625	
0.7565	
0.75675	
0.75725	
0.7575	
0.75775	
0.758	
0.75825	
0.75875	
0.759	
0.7595	
0.75975	
0.76	
0.7605	
0.76075	
0.76125	
0.7615	
0.76175	
0.76225	
0.7625	
0.76275	
0.76325	
0.7635	
0.76375	
0.76425	
0.76425	
0.76475	
0.765	
0.76525	
0.7655	
0.766	
0.76625	
0.7665	
0.767	
0.76725	
0.76775	
0.768	
0.76825	
0.76875	
0.769	
0.76925	
0.76975	
0.77	
0.77025	
0.77075	
0.771	
0.77125	
0.77175	
0.772	
0.77225	
0.7725	
0.773	
0.77325	
0.7735	
0.774	
0.77425	
0.7745	
0.775	
0.77525	
0.7755	
0.776	
0.77625	
0.7765	
0.77675	
0.77725	
0.7775	
0.778	
0.77825	
0.7785	
0.779	
0.77925	
0.7795	
0.77975	
0.78	
0.7805	
0.78075	
0.781	
0.7815	
0.78175	
0.78225	
0.7825	
0.78275	
0.78325	
0.7835	
0.784	
0.78425	
0.7845	
0.785	
0.78525	
0.7855	
0.786	
0.78625	
0.78675	
0.78675	
0.78725	
0.7875	
0.788	
0.78825	
0.7885	
0.789	
0.78925	
0.78975	
0.79	
0.79025	
0.79075	
0.79125	
0.7915	
0.792	
0.79225	
0.79275	
0.793	
0.7935	
0.79375	
0.79425	
0.7945	
0.79475	
0.795	
0.7955	
0.79575	
0.79625	
0.7965	
0.79675	
0.79725	
0.7975	
0.798	
0.79825	
0.79875	
0.799	
0.79925	
0.79975	
0.8	
0.8005	
0.80075	
0.80125	
0.8015	
0.80175	
0.802	
0.80225	
0.80275	
0.803	
0.80325	
0.80375	
0.80425	
0.8045	
0.805	
0.80525	
0.8055	
0.806	
0.80625	
0.80675	
0.80725	
0.8075	
0.80775	
0.80825	
0.8085	
0.809	
0.80925	
0.8095	
0.80975	
0.81025	
0.8105	
0.81075	
0.81125	
0.8115	
0.812	
0.81225	
0.81275	
0.813	
0.8135	
0.81375	
0.814	
0.8145	
0.81475	
0.81525	
0.8155	
0.816	
0.81625	
0.81675	
0.817	
0.81725	
0.8175	
0.818	
0.81825	
0.8185	
0.819	
0.81925	
0.81975	
0.82	
0.8205	
0.82075	
0.821	
0.8215	
0.82175	
0.82225	
0.8225	
0.823	
0.82325	
0.8235	
0.82375	
0.82425	
0.8245	
0.82475	
0.825	
0.8255	
0.82575	
0.82625	
0.8265	
0.82675	
0.82725	
0.8275	
0.828	
0.82825	
0.8285	
0.829	
0.82925	
0.82975	
0.83	
0.83025	
0.83075	
0.831	
0.83125	
0.83175	
0.832	
0.83225	
0.83275	
0.833	
0.83325	
0.8335	
0.834	
0.83425	
0.83475	
0.835	
0.83525	
0.83575	
0.836	
0.8365	
0.83675	
0.837	
0.8375	
0.83775	
0.838	
0.8385	
0.83875	
0.83925	
0.83925	
0.8395	
0.84	
0.84025	
0.8405	
0.841	
0.84125	
0.8415	
0.842	
0.84225	
0.8425	
0.84275	
0.84325	
0.8435	
0.844	
0.84425	
0.8445	
0.845	
0.84525	
0.8455	
0.846	
0.84625	
0.84675	
0.84675	
0.84725	
0.8475	
0.848	
0.848	
0.8485	
0.84875	
0.849	
0.8495	
0.84975	
0.85025	
0.8505	
0.851	
0.85125	
0.8515	
0.852	
0.85225	
0.85275	
0.853	
0.8535	
0.85375	
0.85425	
0.8545	
0.85475	
0.855	
0.85525	
0.85575	
0.85625	
0.8565	
0.85675	
0.85725	
0.8575	
0.858	
0.85825	
0.85875	
0.859	
0.8595	
0.85975	
0.86025	
0.8605	
0.86075	
0.86125	
0.8615	
0.86175	
0.862	
0.8625	
0.86275	
0.863	
0.8635	
0.86375	
0.864	
0.8645	
0.865	
0.86525	
0.8655	
0.866	
0.86625	
0.86675	
0.867	
0.8675	
0.86775	
0.868	
0.8685	
0.86875	
0.869	
0.86925	
0.8695	
0.86975	
0.87025	
0.8705	
0.87075	
0.87125	
0.8715	
0.872	
0.87225	
0.87275	
0.87325	
0.8735	
0.87375	
0.87425	
0.8745	
0.875	
0.87525	
0.87575	
0.876	
0.8765	
0.87675	
0.877	
0.87725	
0.8775	
0.87775	
0.87825	
0.8785	
0.879	
0.87925	
0.87975	
0.88	
0.8805	
0.88075	
0.881	
0.8815	
0.882	
0.88225	
0.8825	
0.883	
0.88325	
0.88375	
0.88425	
0.88425	
0.88475	
0.885	
0.8855	
0.88575	
0.886	
0.88625	
0.88675	
0.887	
0.8875	
0.88775	
0.88825	
0.8885	
0.889	
0.88925	
0.88975	
0.89	
0.8905	
0.89075	
0.89125	
0.8915	
0.89175	
0.892	
0.89225	
0.8925	
0.893	
0.89325	
0.89375	
0.894	
0.8945	
0.89475	
0.895	
0.8955	
0.89575	
0.89625	
0.89675	
0.897	
0.89725	
0.89775	
0.898	
0.8985	
0.899	
0.89925	
0.8995	
0.89975	
0.90025	
0.9005	
0.90075	
0.901	
0.9015	
0.90175	
0.90225	
0.9025	
0.903	
0.90325	
0.90375	
0.904	
0.9045	
0.90475	
0.90525	
0.9055	
0.90575	
0.90625	
0.9065	
0.90675	
0.907	
0.90725	
0.90775	
0.908	
0.9085	
0.90875	
0.909	
0.9095	
0.90975	
0.91	
0.9105	
0.91075	
0.91125	
0.9115	
0.912	
0.91225	
0.91275	
0.913	
0.9135	
0.91375	
0.914	
0.91425	
0.91475	
0.915	
0.91525	
0.9155	
0.916	
0.91625	
0.9165	
0.917	
0.91725	
0.91775	
0.918	
0.91825	
0.9185	
0.919	
0.91925	
0.9195	
0.92	
0.92025	
0.9205	
0.921	
0.92125	
0.9215	
0.92175	
0.922	
0.92225	
0.92275	
0.923	
0.92325	
0.92375	
0.924	
0.9245	
0.92475	
0.92525	
0.9255	
0.92575	
0.92625	
0.9265	
0.927	
0.92725	
0.92775	
0.928	
0.9285	
0.92875	
0.92925	
0.92925	
0.92975	
0.93	
0.93025	
0.9305	
0.931	
0.93125	
0.93175	
0.932	
0.9325	
0.93275	
0.933	
0.9335	
0.93375	
0.93425	
0.9345	
0.935	
0.93525	
0.9355	
0.936	
0.93625	
0.9365	
0.93675	
0.93725	
0.9375	
0.93775	
0.938	
0.93825	
0.93875	
0.939	
0.9395	
0.93975	
0.94	
0.9405	
0.94075	
0.94125	
0.9415	
0.94175	
0.94225	
0.9425	
0.94275	
0.94325	
0.9435	
0.944	
0.94425	
0.9445	
0.94475	
0.94525	
0.9455	
0.946	
0.94625	
0.9465	
0.947	
0.94725	
0.94775	
0.948	
0.94825	
0.94875	
0.949	
0.9495	
0.94975	
0.95025	
0.9505	
0.95075	
0.951	
0.9515	
0.95175	
0.952	
0.9525	
0.95275	
0.953	
0.95325	
0.95375	
0.95425	
0.9545	
0.95475	
0.95525	
0.9555	
0.956	
0.95625	
0.95675	
0.957	
0.95725	
0.95775	
0.958	
0.9585	
0.95875	
0.959	
0.95925	
0.9595	
0.95975	
0.96	
0.96025	
0.96025	
0.9605	
0.96075	
0.96125	
0.9615	
0.962	
0.96225	
0.9625	
0.963	
0.96325	
0.96375	
0.964	
0.96425	
0.9645	
0.965	
0.9655	
0.96575	
0.96625	
0.9665	
0.96675	
0.967	
0.9675	
0.96775	
0.968	
0.9685	
0.96875	
0.969	
0.9695	
0.96975	
0.97025	
0.9705	
0.971	
0.97125	
0.9715	
0.972	
0.97225	
0.97275	
0.973	
0.9735	
0.97375	
0.97425	
0.9745	
0.9745	
0.975	
0.97525	
0.97575	
0.976	
0.9765	
0.97675	
0.977	
0.9775	
0.97775	
0.97825	
0.9785	
0.979	
0.97925	
0.9795	
0.98	
0.9805	
0.98075	
0.98125	
0.9815	
0.98175	
0.982	
0.9825	
0.98275	
0.983	
0.98325	
0.98375	
0.984	
0.9845	
0.98475	
0.985	
0.9855	
0.98575	
0.98625	
0.9865	
0.987	
0.98725	
0.9875	
0.988	
0.98825	
0.98875	
0.989	
0.98925	
0.9895	
0.99	
0.99025	
0.9905	
0.99075	
0.99125	
0.9915	
0.99175	
0.99225	
0.9925	
0.993	
0.99325	
0.9935	
0.99375	
0.99425	
0.9945	
0.995	
0.99525	
0.99575	
0.996	
0.99625	
0.99675	
0.997	
0.99725	
0.9975	
0.998	
0.99825	
0.9985	
0.99875	
0.999	
0.99925	
0.99975	
1	
1	
1	
1	
1	
1	
1	
1	
1	
1	
1	
1	
1	
1	
1	
1	
1	
1	
1	
1	
1	
1	
1	
1	
1	
1	
1	
1	
1	
1	
1	
1	
1	
1	
1	
1	
1	
1	
1	
1	
1	
1	
1	
1	
1	
1	
1	
1	
1	
1	
1	
1	
1	
1	
1	
1	
1	
1	
1	
1	
1	
1	
1	
1	
1	
1	
1	
1	
1	
1	
1	
1	
1	
1	
1	
1	
1	
1	
1	
1	
1	
1	
1	
1	
1	
1	
1	
1	
1	
1	
1	
1	
1	
1	
1	
1	
1	
1	
1	
1	
1	
1	
1	
1	
1	
1	
1	
1	
1	
1	
1	
1	
1	
1	
1	
1	
1	
1	
1	
1	
1	
1	
1	
1	
1	
1	
1	
1	
1	
1	
1	
1	
1	
1	
1	
1	
1	
1	
1	
1	
1	
1	
1	
1	
1	
1	
1	
1	
1	
1	
1	
1	
1	
1	
1	
1	
1	
1	
1	
1	
1	
1	
1	
1	
1	
1	
1	
1	
1	
1	
1	
1	
1	
1	
1	
1	
1	
1	
1	
1	
1	
1	
1	
1	
1	
1	
1	
1	
1	
1	
1	
1	
1	
1	
1	
1	
1	
1	
1	
1	
1	
1	
1	
1	
1	
1	
1	
1	
1	
1	
1	
1	
1	
1	
1	
1	
1	
1	
1	
1	
1	
1	
1	
1	
1	
1	
1	
1	
1	
1	
1	
1	
1	
1	
1	
1	
1	
1	
1	
1	
1	
1	
1	
1	
1	
1	
1	
1	
1	
1	
1	
1	
1	
1	
1	
1	
1	
1	
1	
1	
1	
1	
1	
1	
1	
1	
1	
1	
1	
1	
1	
1	
1	
1	
1	
1	
1	
1	
1	
1	
1	
1	
1	
1	
1	
1	
1	
1	
1	
1	
1	
1	
1	
1	
1	
1	
1	
1	
1	
1	
1	
1	
1	
1	
1	
1	
1	
1	
1	
1	
1	
1	
1	
1	
1	
1	
1	
1	
1	
1	
1	
1	
1	
1	
1	
1	
1	
1	
1	
1	
1	
1	
1	
1	
1	
1	
1	
1	
1	
1	
1	
1	
1	
1	
1	
1	
1	
1	
1	
1	
1	
1	
1	
1	
1	
1	
1	
1	
1	
1	
1	
1	
1	
1	
1	
1	
1	
1	
1	
1	
1	
1	
1	
1	
1	
1	
1	
1	
1	
1	
1	
1	
1	
1	
1	
1	
1	
1	
1	
1	
1	
1	
1	
1	
1	
1	
1	
1	
1	
1	
1	
1	
1	
1	
1	
1	
1	
1	
1	
1	
1	
1	
1	
1	
1	
1	
1	
1	
1	
1	
1	
1	
1	
1	
1	
1	
1	
1	
1	
1	
1	
1	
1	
1	
1	
1	
1	
1	
1	
1	
1	
1	
1	
1	
1	
1	
1	
1	
1	
1	
1	
1	
1	
1	
1	
1	
1	
1	
1	
1	
1	
1	
1	
1	
1	
1	
1	
1	
1	
1	
1	
1	
1	
1	
1	
1	
1	
1	
1	
1	
1	
1	
1	
1	
1	
1	
1	
1	
1	
1	
1	
1	
1	
1	
1	
1	
1	
1	
1	
1	
1	
1	
1	
1	
1	
1	
1	
1	
1	
1	
1	
1	
1	
1	
1	
1	
1	
1	
1	
1	
1	
1	
1	
1	
1	
1	
1	
1	
1	
1	
1	
1	
1	
1	
1	
1	
1	
1	
1	
1	
1	
1	
1	
1	
1	
1	
1	
1	
1	
1	
1	
1	
1	
1	
1	
1	
1	
1	
1	
1	
1	
1	
1	
1	
1	
1	
1	
1	
1	
1	
1	
1	
1	
1	
1	
1	
1	
1	
1	
1	
1	
1	
1	
1	
1	
1	
1	
1	
1	
1	
1	
1	
1	
1	
1	
1	
1	
1	
1	
1	
1	
1	
1	
1	
1	
1	
1	
1	
1	
1	
1	
1	
1	
1	
1	
1	
1	
1	
1	
1	
1	
1	
1	
1	
1	
1	
1	
1	
1	
1	
1	
1	
1	
1	
1	
1	
1	
1	
1	
1	
1	
1	
1	
1	
1	
1	
1	
1	
1	
1	
1	
1	
1	
1	
1	
1	
1	
1	
1	
1	
1	
1	
1	
1	
1	
1	
1	
1	
1	
1	
1	
1	
1	
1	
1	
1	
1	
1	
1	
1	
1	
1	
1	
1	
1	
1	
1	
1	
1	
1	
1	
1	
1	
1	
1	
1	
1	
1	
1	
1	
1	
1	
1	
1	
1	
1	
1	
1	
1	
1	
1	
1	
1	
1	
1	
1	
1	
1	
1	
1	
1	
1	
1	
1	
1	
1	
1	
1	
1	
1	
1	
1	
1	
1	
1	
1	
1	
1	
1	
1	
1	
1	
1	
1	
1	
1	
1	
1	
1	
1	
1	
1	
1	
1	
1	
1	
1	
1	
1	
1	
1	
1	
1	
1	
1	
1	
1	
1	
1	
1	
1	
1	
1	
1	
1	
1	
1	
1	
1	
1	
1	
1	
1	
1	
1	
1	
1	
1	
1	
1	
1	
1	
1	
1	
1	
1	
1	
1	
1	
1	
1	
1	
1	
1	
1	
1	
1	
1	
1	
1	
1	
1	
1	
1	
1	
1	
1	
1	
1	
1	
1	
1	
1	
1	
1	
1	
1	
1	
1	
1	
1	
1	
1	
1	
1	
1	
1	
1	
1	
1	
1	
1	
1	
1	
1	
1	
1	
1	
1	
1	
1	
1	
1	
1	
1	
1	
1	
1	
1	
1	
1	
1	
1	
1	
1	
1	
1	
1	
1	
1	
1	
1	
1	
1	
1	
1	
1	
1	
1	
1	
1	
1	
1	
1	
1	
1	
1	
1	
1	
1	
1	
1	
1	
1	
1	
1	
1	
1	
1	
1	
1	
1	
1	
1	
1	
1	
1	
1	
1	
1	
1	
1	
1	
1	
1	
1	
1	
1	
1	
1	
1	
1	
1	
1	
1	
1	
1	
1	
1	
1	
1	
1	
1	
1	
1	
1	
1	
1	
1	
1	
1	
1	
1	
1	
1	
1	
1	
1	
1	
1	
1	
1	
1	
1	
1	
1	
1	
1	
1	
1	
1	
1	
1	
1	
1	
1	
1	
1	
1	
1	
1	
1	
1	
1	
1	
1	
1	
1	
1	
1	
1	
1	
1	
1	
1	
1	
1	
1	
1	
1	
1	
1	
1	
1	
1	
1	
1	
1	
1	
1	
1	
1	
1	
1	
1	
1	
1	
1	
1	
1	
1	
1	
1	
1	
1	
1	
1	
1	
1	
1	
1	
1	
1	
1	
1	
1	
1	
1	
1	
1	
1	
1	
1	
1	
1	
1	
1	
1	
1	
1	
1	
1	
1	
1	
1	
1	
1	
1	
1	
1	
1	
1	
1	
1	
1	
1	
1	
1	
1	
1	
1	
1	
1	
1	
1	
1	
1	
1	
1	
1	
1	
1	
1	
1	
1	
1	
1	
1	
1	
1	
1	
1	
1	
1	
1	
1	
1	
1	
1	
1	
1	
1	
1	
1	
1	
1	
1	
1	
1	
1	
1	
1	
1	
1	
1	
1	
1	
1	
1	
1	
1	
1	
1	
1	
1	
1	
1	
1	
1	
1	
1	
1	
1	
1	
1	
1	
1	
1	
1	
1	
1	
1	
1	
1	
1	
1	
1	
1	
1	
1	
1	
1	
1	
1	
1	
1	
1	
1	
1	
1	
1	
1	
1	
1	
1	
1	
1	
1	
1	
1	
1	
1	
1	
1	
1	
1	
1	
1	
1	
1	
1	
1	
1	
1	
1	
1	
1	
1	
1	
1	
1	
1	
1	
1	
1	
1	
1	
1	
1	
1	
1	
1	
1	
1	
1	
1	
1	
1	
1	
1	
1	
1	
1	
1	
1	
1	
1	
1	
1	
1	
1	
1	
1	
1	
1	
1	
1	
1	
1	
1	
1	
1	
1	
1	
1	
1	
1	
1	
1	
1	
1	
1	
1	
1	
1	
1	
1	
1	
1	
1	
1	
1	
1	
1	
1	
1	
1	
1	
1	
1	
1	
1	
1	
1	
1	
1	
1	
1	
1	
1	
1	
1	
1	
1	
1	
1	
1	
1	
1	
1	
1	
1	
1	
1	
1	
1	
1	
1	
1	
1	
1	
1	
1	
1	
1	
1	
1	
1	
1	
1	
1	
1	
1	
1	
1	
1	
1	
1	
1	
1	
1	
1	
1	
1	
1	
1	
1	
1	
1	
1	
1	
1	
1	
1	
1	
1	
1	
1	
1	
1	
1	
1	
1	
1	
1	
1	
1	
1	
1	
1	
1	
1	
1	
1	
1	
1	
1	
1	
1	
1	
1	
1	
1	
1	
1	
1	
1	
1	
1	
1	
1	
1	
1	
1	
1	
1	
1	
1	
1	
1	
1	
1	
1	
1	
1	
1	
1	
1	
1	
1	
1	
1	
1	
1	
1	
1	
1	
1	
1	
1	
1	
1	
1	
1	
1	
1	
1	
1	
1	
1	
1	
1	
1	
1	
1	
1	
1	
1	
1	
1	
1	
1	
1	
1	
1	
1	
1	
1	
1	
1	
1	
1	
1	
1	
1	
1	
1	
1	
1	
1	
1	
1	
1	
1	
1	
1	
1	
1	
1	
1	
1	
1	
1	
1	
1	
1	
1	
1	
1	
1	
1	
1	
1	
1	
1	
1	
1	
1	
1	
1	
1	
1	
1	
1	
1	
1	
1	
1	
1	
1	
1	
1	
1	
1	
1	
1	
1	
1	
1	
1	
1	
1	
1	
1	
1	
1	
1	
1	
1	
1	
1	
1	
1	
1	
1	
1	
1	
1	
1	
1	
1	
1	
1	
1	
1	
1	
1	
1	
1	
1	
1	
1	
1	
1	
1	
1	
1	
1	
1	
1	
1	
1	
1	
1	
1	
1	
1	
1	
1	
1	
1	
1	
1	
1	
1	
1	
1	
1	
1	
1	
1	
1	
1	
1	
1	
1	
1	
1	
1	
1	
1	
1	
1	
1	
1	
1	
1	
1	
1	
1	
1	
1	
1	
1	
1	
1	
1	
1	
1	
1	
1	
1	
1	
1	
1	
1	
1	
1	
1	
1	
1	
1	
1	
1	
1	
1	
1	
1	
1	
1	
1	
1	
1	
1	
1	
1	
1	
1	
1	
1	
1	
1	
1	
1	
1	
1	
1	
1	
1	
1	
1	
1	
1	
1	
1	
1	
1	
1	
1	
1	
1	
1	
1	
1	
1	
1	
1	
1	
1	
1	
1	
1	
1	
1	
1	
1	
1	
1	
1	
1	
1	
1	
1	
1	
1	
1	
1	
1	
1	
1	
1	
1	
1	
1	
1	
1	
1	
1	
1	
1	
1	
1	
1	
1	
1	
1	
1	
1	
1	
1	
1	
1	
1	
1	
1	
1	
1	
1	
1	
1	
1	
1	
1	
1	
1	
1	
1	
1	
1	
1	
1	
1	
1	
1	
1	
1	
1	
1	
1	
1	
1	
1	
1	
1	
1	
1	
1	
1	
1	
1	
1	
1	
1	
1	
1	
1	
1	
1	
1	
1	
1	
1	
1	
1	
1	
1	
1	
1	
1	
1	
1	
1	
1	
1	
1	
1	
1	
1	
1	
1	
1	
1	
1	
1	
1	
1	
1	
1	
1	
1	
1	
1	
1	
1	
1	
1	
1	
1	
1	
1	
1	
1	
1	
1	
1	
1	
1	
1	
1	
1	
1	
1	
1	
1	
1	
1	
1	
1	
1	
1	
1	
1	
1	
1	
1	
1	
1	
1	
1	
1	
1	
1	
1	
1	
1	
1	
1	
1	
1	
1	
1	
1	
1	
1	
1	
1	
1	
1	
1	
1	
1	
1	
1	
1	
1	
1	
1	
1	
1	
1	
1	
1	
1	
1	
1	
1	
1	
1	
1	
1	
1	
1	
1	
1	
1	
1	
1	
1	
1	
1	
1	
1	
1	
1	
1	
1	
1	
1	
1	
1	
1	
1	
1	
1	
1	
1	
1	
1	
1	
1	
1	
1	
1	
1	
1	
1	
1	
1	
1	
1	
1	
1	
1	
1	
1	
1	
1	
1	
1	
1	
1	
1	
1	
1	
1	
1	
1	
1	
1	
1	
1	
1	
1	
1	
1	
1	
1	
1	
1	
1	
1	
1	
1	
1	
1	
1	
1	
1	
1	
1	
1	
1	
1	
1	
1	
1	
1	
1	
1	
1	
1	
1	
1	
1	
1	
1	
1	
1	
1	
1	
1	
1	
1	
1	
1	
1	
1	
1	
1	
1	
1	
1	
1	
1	
1	
1	
1	
1	
1	
1	
1	
1	
1	
1	
1	
1	
1	
1	
1	
1	
1	
1	
1	
1	
1	
1	
1	
1	
1	
1	
1	
1	
1	
1	
1	
1	
1	
1	
1	
1	
1	
1	
1	
1	
1	
1	
1	
1	
1	
1	
1	
1	
1	
1	
1	
1	
1	
1	
1	
1	
1	
1	
1	
1	
1	
1	
1	
1	
1	
1	
1	
1	
1	
1	
1	
1	
1	
1	
1	
1	
1	
1	
1	
1	
1	
1	
1	
1	
1	
1	
1	
1	
1	
1	
1	
1	
1	
1	
1	
1	
1	
1	
1	
1	
1	
1	
1	
1	
1	
1	
1	
1	
1	
1	
1	
1	
1	
1	
1	
1	
1	
1	
1	
1	
1	
1	
1	
1	
1	
1	
1	
1	
1	
1	
1	
1	
1	
1	
1	
1	
1	
1	
1	
1	
1	
1	
1	
1	
1	
1	
1	
1	
1	
1	
1	
1	
1	
1	
1	
1	
1	
1	
1	
1	
1	
1	
1	
1	
1	
1	
1	
1	
1	
1	
1	
1	
1	
1	
1	
1	
1	
1	
1	
1	
1	
1	
1	
1	
1	
1	
1	
1	
1	
1	
1	
1	
1	
1	
1	
1	
1	
1	
1	
1	
1	
1	
1	
1	
1	
1	
1	
1	
1	
1	
1	
1	
1	
1	
1	
1	
1	
1	
1	
1	
1	
1	
1	
1	
1	
1	
1	
1	
1	
1	
1	
1	
1	
1	
1	
1	
1	
1	
1	
1	
1	
1	
1	
1	
1	
1	
1	
1	
1	
1	
1	
1	
1	
1	
1	
1	
1	
1	
1	
1	
1	
1	
1	
1	
1	
1	
1	
1	
1	
1	
1	
1	
1	
1	
1	
1	
1	
1	
1	
1	
1	
1	
1	
1	
1	
1	
1	
1	
1	
1	
1	
1	
1	
1	
1	
1	
1	
1	
1	
1	
1	
1	
1	
1	
1	
1	
1	
1	
1	
1	
1	
1	
1	
1	
1	
1	
1	
1	
1	
1	
1	
1	
1	
1	
1	
1	
1	
1	
1	
1	
1	
1	
1	
1	
1	
1	
1	
1	
1	
1	
1	
1	
1	
1	
1	
1	
1	
1	
1	
1	
1	
1	
1	
1	
1	
1	
1	
1	
1	
1	
1	
1	
1	
1	
1	
1	
1	
1	
1	
1	
1	
1	
1	
1	
1	
1	
1	
1	
1	
1	
1	
1	
1	
1	
1	
1	
1	
1	
1	
1	
1	
1	
1	
1	
1	
1	
1	
1	
1	
1	
1	
1	
1	
1	
1	
1	
1	
1	
1	
1	
1	
1	
1	
1	
1	
1	
1	
1	
1	
1	
1	
1	
1	
1	
1	
1	
1	
1	
1	
1	
1	
1	
1	
1	
1	
1	
1	
1	
1	
1	
1	
1	
1	
1	
1	
1	
1	
1	
1	
1	
1	
1	
1	
1	
1	
1	
1	
1	
1	
1	
1	
1	
1	
1	
1	
1	
1	
1	
1	
1	
1	
1	
1	
1	
1	
1	
1	
1	
1	
1	
1	
1	
1	
1	
1	
1	
1	
1	
1	
1	
1	
1	
1	
1	
1	
1	
1	
1	
1	
1	
1	
1	
1	
1	
1	
1	
1	
1	
1	
1	
1	
1	
1	
1	
1	
1	
1	
1	
1	
1	
1	
1	
1	
1	
1	
1	
1	
1	
1	
1	
1	
1	
1	
1	
1	
1	
1	
1	
1	
1	
1	
1	
1	
1	
1	
1	
1	
1	
1	
1	
1	
1	
1	
1	
1	
1	
1	
1	
1	
1	
1	
1	
1	
1	
1	
1	
1	
1	
1	
1	
1	
1	
1	
1	
1	
1	
1	
1	
1	
1	
1	
1	
1	
1	
1	
1	
1	
1	
1	
1	
1	
1	
1	
1	
1	
1	
1	
1	
1	
1	
1	
1	
1	
1	
1	
1	
1	
1	
1	
1	
1	
1	
1	
1	
1	
1	
1	
1	
1	
1	
1	
1	
1	
1	
1	
1	
1	
1	
1	
1	
1	
1	
1	
1	
1	
1	
1	
1	
1	
1	
1	
1	
1	
1	
1	
1	
1	
1	
1	
1	
1	
1	
1	
1	
1	
1	
1	
1	
1	
1	
1	
1	
1	
1	
1	
1	
1	
1	
1	
1	
1	
1	
1	
1	
1	
1	
1	
1	
1	
1	
1	
1	
1	
1	
1	
1	
1	
1	
1	
1	
1	
1	
1	
1	
1	
1	
1	
1	
1	
1	
1	
1	
1	
1	
1	
1	
1	
1	
1	
1	
1	
1	
1	
1	
1	
1	
1	
1	
1	
1	
1	
1	
1	
1	
1	
1	
1	
1	
1	
1	
1	
1	
1	
1	
1	
1	
1	
1	
1	
1	
1	
1	
1	
1	
1	
1	
1	
1	
1	
1	
1	
1	
1	
1	
1	
1	
1	
1	
1	
1	
1	
1	
1	
1	
1	
1	
1	
1	
1	
1	
1	
1	
1	
1	
1	
1	
1	
1	
1	
1	
1	
1	
1	
1	
1	
1	
1	
1	
1	
1	
1	
1	
1	
1	
1	
1	
1	
1	
1	
1	
1	
1	
1	
1	
1	
1	
1	
1	
1	
1	
1	
1	
1	
1	
1	
1	
1	
1	
1	
1	
1	
1	
1	
1	
1	
1	
1	
1	
1	
1	
1	
1	
1	
1	
1	
1	
1	
1	
1	
1	
1	
1	
1	
1	
1	
1	
1	
1	
1	
1	
1	
1	
1	
1	
1	
1	
1	
1	
1	
1	
1	
1	
1	
1	
1	
1	
1	
1	
1	
1	
1	
1	
1	
1	
1	
1	
1	
1	
1	
1	
1	
1	
1	
1	
1	
1	
1	
1	
1	
1	
1	
1	
1	
1	
1	
1	
1	
1	
1	
1	
1	
1	
1	
1	
1	
1	
1	
1	
1	
1	
1	
1	
1	
1	
1	
1	
1	
1	
1	
1	
1	
1	
1	
1	
1	
1	
1	
1	
1	
1	
1	
1	
1	
1	
1	
1	
1	
1	
1	
1	
1	
1	
1	
1	
1	
1	
1	
1	
1	
1	
1	
1	
1	
1	
1	
1	
1	
1	
1	
1	
1	
1	
1	
1	
1	
1	
1	
1	
1	
1	
1	
1	
1	
1	
1	
1	
1	
1	
1	
1	
1	
1	
1	
1	
1	
1	
1	
1	
1	
1	
1	
1	
1	
1	
1	
1	
1	
1	
1	
1	
1	
1	
1	
1	
1	
1	
1	
1	
1	
1	
1	
1	
1	
1	
1	
1	
1	
1	
1	
1	
1	
1	
1	
1	
1	
1	
1	
1	
1	
1	
1	
1	
1	
1	
1	
1	
1	
1	
1	
1	
1	
1	
1	
1	
1	
1	
1	
1	
1	
1	
1	
1	
1	
1	
1	
1	
1	
1	
1	
1	
1	
1	
1	
1	
1	
1	
1	
1	
1	
1	
1	
1	
1	
1	
1	
1	
1	
1	
1	
1	
1	
1	
1	
1	
1	
1	
1	
1	
1	
1	
1	
1	
1	
1	
1	
1	
1	
1	
1	
1	
1	
1	
1	
1	
1	
1	
1	
1	
1	
1	
1	
1	
1	
1	
1	
1	
1	
1	
1	
1	
1	
1	
1	
1	
1	
1	
1	
1	
1	
1	
1	
1	
1	
1	
1	
1	
1	
1	
1	
1	
1	
1	
1	
1	
1	
1	
1	
1	
1	
1	
1	
1	
1	
1	
1	
1	
1	
1	
1	
1	
1	
1	
1	
1	
1	
1	
1	
1	
1	
1	
1	
1	
1	
1	
1	
1	
1	
1	
1	
1	
1	
1	
1	
1	
1	
1	
1	
1	
1	
1	
1	
1	
1	
1	
1	
1	
1	
1	
1	
1	
1	
1	
1	
1	
1	
1	
1	
1	
1	
1	
1	
1	
1	
1	
1	
1	
1	
1	
1	
1	
1	
1	
1	
1	
1	
1	
1	
1	
1	
1	
1	
1	
1	
1	
1	
1	
1	
1	
1	
1	
1	
1	
1	
1	
1	
1	
1	
1	
1	
1	
1	
1	
1	
1	
1	
1	
1	
1	
1	
1	
1	
1	
1	
1	
1	
1	
1	
1	
1	
1	
1	
1	
1	
1	
1	
1	
1	
1	
1	
1	
1	
1	
1	
1	
1	
1	
1	
1	
1	
1	
1	
1	
1	
1	
1	
1	
1	
1	
1	
1	
1	
1	
1	
1	
1	
1	
1	
1	
1	
1	
1	
1	
1	
1	
1	
1	
1	
1	
1	
1	
1	
1	
1	
1	
1	
1	
1	
1	
1	
1	
1	
1	
1	
1	
1	
1	
1	
1	
1	
1	
1	
1	
1	
1	
1	
1	
1	
1	
1	
1	
1	
1	
1	
1	
1	
1	
1	
1	
1	
1	
1	
1	
1	
1	
1	
1	
1	
1	
1	
1	
1	
1	
1	
1	
1	
1	
1	
1	
1	
1	
1	
1	
1	
1	
1	
1	
1	
1	
1	
1	
1	
1	
1	
1	
1	
1	
1	
1	
1	
1	
1	
1	
1	
1	
1	
1	
1	
1	
1	
1	
1	
1	
1	
1	
1	
1	
1	
1	
1	
1	
1	
1	
1	
1	
1	
1	
1	
1	
1	
1	
1	
1	
1	
1	
1	
1	
1	
1	
1	
1	
1	
1	
1	
1	
1	
1	
1	
1	
1	
1	
1	
1	
1	
1	
1	
1	
1	
1	
1	
1	
1	
1	
1	
1	
1	
1	
1	
1	
1	
1	
1	
1	
1	
1	
1	
1	
1	
1	
1	
1	
1	
1	
1	
1	
1	
1	
1	
1	
1	
1	
1	
1	
1	
1	
1	
1	
1	
1	
1	
1	
1	
1	
1	
1	
1	
1	
1	
1	
1	
1	
1	
1	
1	
1	
1	
1	
1	
1	
1	
1	
1	
1	
1	
1	
1	
1	
1	
1	
1	
1	
1	
1	
1	
1	
1	
1	
1	
1	
1	
1	
1	
1	
1	
1	
1	
1	
1	
1	
1	
1	
1	
1	
1	
1	
1	
1	
1	
1	
1	
1	
1	
1	
1	
1	
1	
1	
1	
1	
1	
1	
1	
1	
1	
1	
1	
1	
1	
1	
1	
1	
1	
1	
1	
1	
1	
1	
1	
1	
1	
1	
1	
1	
1	
1	
1	
1	
1	
1	
1	
1	
1	
1	
1	
1	
1	
1	
1	
1	
1	
1	
1	
1	
1	
1	
1	
1	
1	
1	
1	
1	
1	
1	
1	
1	
1	
1	
1	
1	
1	
1	
1	
1	
1	
1	
1	
1	
1	
1	
1	
1	
1	
1	
1	
1	
1	
1	
1	
1	
1	
1	
1	
1	
1	
1	
1	
1	
1	
1	
1	
1	
1	
1	
1	
1	
1	
1	
1	
1	
1	
1	
1	
1	
1	
1	
1	
1	
1	
1	
1	
1	
1	
1	
1	
1	
1	
1	
1	
1	
1	
1	
1	
1	
1	
1	
1	
1	
1	
1	
1	
1	
1	
1	
1	
1	
1	
1	
1	
1	
1	
1	
1	
1	
1	
1	
1	
1	
1	
1	
1	
1	
1	
1	
1	
1	
1	
1	
1	
1	
1	
1	
1	
1	
1	
1	
1	
1	
1	
1	
1	
1	
1	
1	
1	
1	
1	
1	
1	
1	
1	
1	
1	
1	
1	
1	
1	
1	
1	
1	
1	
1	
1	
1	
1	
1	
1	
1	
1	
1	
1	
1	
1	
1	
1	
1	
1	
1	
1	
1	
1	
1	
1	
1	
1	
1	
1	
1	
1	
1	
1	
1	
1	
1	
1	
1	
1	
1	
1	
1	
1	
1	
1	
1	
1	
1	
1	
1	
1	
1	
1	
1	
1	
1	
1	
1	
1	
1	
1	
1	
1	
1	
1	
1	
1	
1	
1	
1	
1	
1	
1	
1	
1	
1	
1	
1	
1	
1	
1	
1	
1	
1	
1	
1	
1	
1	
1	
1	
1	
1	
1	
1	
1	
1	
1	
1	
1	
1	
1	
1	
1	
1	
1	
1	
1	
1	
1	
1	
1	
1	
1	
1	
1	
1	
1	
1	
1	
1	
1	
1	
1	
1	
1	
1	
1	
1	
1	
1	
1	
1	
1	
1	
1	
1	
1	
1	
1	
1	
1	
1	
1	
1	
1	
1	
1	
1	
1	
1	
1	
1	
1	
1	
1	
1	
1	
1	
1	
1	
1	
1	
1	
1	
1	
1	
1	
1	
1	
1	
1	
1	
1	
1	
1	
1	
1	
1	
1	
1	
1	
1	
1	
1	
1	
1	
1	
1	
1	
1	
1	
1	
1	
1	
1	
1	
1	
1	
1	
1	
1	
1	
1	
1	
1	
1	
1	
1	
1	
1	
1	
1	
1	
1	
1	
1	
1	
1	
1	
1	
1	
1	
1	
1	
1	
1	
1	
1	
1	
1	
1	
1	
1	
1	
1	
1	
1	
1	
1	
1	
1	
1	
1	
1	
1	
1	
1	
1	
1	
1	
1	
1	
1	
1	
1	
1	
1	
1	
1	
1	
1	
1	
1	
1	
1	
1	
1	
1	
1	
1	
1	
1	
1	
1	
1	
1	
1	
1	
1	
1	
1	
1	
1	
1	
1	
1	
1	
1	
1	
1	
1	
1	
1	
1	
1	
1	
1	
1	
1	
1	
1	
1	
1	
1	
1	
1	
1	
1	
1	
1	
1	
1	
1	
1	
1	
1	
1	
1	
1	
1	
1	
1	
1	
1	
1	
1	
1	
1	
1	
1	
1	
1	
1	
1	
1	
1	
1	
1	
1	
1	
1	
1	
1	
1	
1	
1	
1	
1	
1	
1	
1	
1	
1	
1	
1	
1	
1	
1	
1	
1	
1	
1	
1	
1	
1	
1	
1	
1	
1	
1	
1	
1	
1	
1	
1	
1	
1	
1	
1	
1	
1	
1	
1	
1	
1	
1	
1	
1	
1	
1	
1	
1	
1	
1	
1	
1	
1	
1	
1	
1	
1	
1	
1	
1	
1	
1	
1	
1	
1	
1	
1	
1	
1	
1	
1	
1	
1	
1	
1	
1	
1	
1	
1	
1	
1	
1	
1	
1	
1	
1	
1	
1	
1	
1	
1	
1	
1	
1	
1	
1	
1	
1	
1	
1	
1	
1	
1	
1	
1	
1	
1	
1	
1	
1	
1	
1	
1	
1	
1	
1	
1	
1	
1	
1	
1	
1	
1	
1	
1	
1	
1	
1	
1	
1	
1	
1	
1	
1	
1	
1	
1	
1	
1	
1	
1	
1	
1	
1	
1	
1	
1	
1	
1	
1	
1	
1	
1	
1	
1	
1	
1	
1	
1	
1	
1	
1	
1	
1	
1	
1	
1	
1	
1	
1	
1	
1	
1	
1	
1	
1	
1	
1	
1	
1	
1	
1	
1	
1	
1	
1	
1	
1	
1	
1	
1	
1	
1	
1	
1	
1	
1	
1	
1	
1	
1	
1	
1	
1	
1	
1	
1	
1	
1	
1	
1	
1	
1	
1	
1	
1	
1	
1	
1	
1	
1	
1	
1	
1	
1	
1	
1	
1	
1	
1	
1	
1	
1	
1	
1	
1	
1	
1	
1	
1	
1	
1	
1	
1	
1	
1	
1	
1	
1	
1	
1	
1	
1	
1	
1	
1	
1	
1	
1	
1	
1	
1	
1	
1	
1	
1	
1	
1	
1	
1	
1	
1	
1	
1	
1	
1	
1	
1	
1	
1	
1	
1	
1	
1	
1	
1	
1	
1	
1	
1	
1	
1	
1	
1	
1	
1	
1	
1	
1	
1	
1	
1	
1	
1	
1	
1	
1	
1	
1	
1	
1	
1	
1	
1	
1	
1	
1	
1	
1	
1	
1	
1	
1	
1	
1	
1	
1	
1	
1	
1	
1	
1	
1	
1	
1	
1	
1	
1	
1	
1	
1	
1	
1	
1	
1	
1	
1	
1	
1	
1	
1	
1	
1	
1	
1	
1	
1	
1	
1	
1	
1	
1	
1	
1	
1	
1	
1	
1	
1	
1	
1	
1	
1	
1	
1	
1	
1	
1	
1	
1	
1	
1	
1	
1	
1	
1	
1	
1	
1	
1	
1	
1	
1	
1	
1	
1	
1	
1	
1	
1	
1	
1	
1	
1	
1	
1	
1	
1	
1	
1	
1	
1	
1	
1	
1	
1	
1	
1	
1	
1	
1	
1	
1	
1	
1	
1	
1	
1	
1	
1	
1	
1	
1	
1	
1	
1	
1	
1	
1	
1	
1	
1	
1	
1	
1	
1	
1	
1	
1	
1	
1	
1	
1	
1	
1	
1	
1	
1	
1	
1	
1	
1	
1	
1	
1	
1	
1	
1	
1	
1	
1	
1	
1	
1	
1	
1	
1	
1	
1	
1	
1	
1	
1	
1	
1	
1	
1	
1	
1	
1	
1	
1	
1	
1	
1	
1	
1	
1	
1	
1	
1	
1	
1	
1	
1	
1	
1	
1	
1	
1	
1	
1	
1	
1	
1	
1	
1	
1	
1	
1	
1	
1	
1	
1	
1	
1	
1	
1	
1	
1	
1	
1	
1	
1	
1	
1	
1	
1	
1	
1	
1	
1	
1	
1	
1	
1	
1	
1	
1	
1	
1	
1	
1	
1	
1	
1	
1	
1	
1	
1	
1	
1	
1	
1	
1	
1	
1	
1	
1	
1	
1	
1	
1	
1	
1	
1	
1	
1	
1	
1	
1	
1	
1	
1	
1	
1	
1	
1	
1	
1	
1	
1	
1	
1	
1	
1	
1	
1	
1	
1	
1	
1	
1	
1	
1	
1	
1	
1	
1	
1	
1	
1	
1	
1	
1	
1	
1	
1	
1	
1	
1	
1	
1	
1	
1	
1	
1	
1	
1	
1	
1	
1	
1	
1	
1	
1	
1	
1	
1	
1	
1	
1	
1	
1	
1	
1	
1	
1	
1	
1	
1	
1	
1	
1	
1	
1	
1	
1	
1	
1	
1	
1	
1	
1	
1	
1	
1	
1	
1	
1	
1	
1	
1	
1	
1	
1	
1	
1	
1	
1	
1	
1	
1	
1	
1	
1	
1	
1	
1	
1	
1	
1	
1	
1	
1	
1	
1	
1	
1	
1	
1	
1	
1	
1	
1	
1	
1	
1	
1	
1	
1	
1	
1	
1	
1	
1	
1	
1	
1	
1	
1	
1	
1	
1	
1	
1	
1	
1	
1	
1	
1	
1	
1	
1	
1	
1	
1	
1	
1	
1	
1	
1	
1	
1	
1	
1	
1	
1	
1	
1	
1	
1	
1	
1	
1	
1	
1	
1	
1	
1	
1	
1	
1	
1	
1	
1	
1	
1	
1	
1	
1	
1	
1	
1	
1	
1	
1	
1	
1	
1	
1	
1	
1	
1	
1	
1	
1	
1	
1	
1	
1	
1	
1	
1	
1	
1	
1	
1	
1	
1	
1	
1	
1	
1	
1	
1	
1	
1	
1	
1	
1	
1	
1	
1	
1	
1	
1	
1	
1	
1	
1	
1	
1	
1	
1	
1	
1	
1	
1	
1	
1	
1	
1	
1	
1	
1	
1	
1	
1	
1	
1	
1	
1	
1	
1	
1	
1	
1	
1	
1	
1	
1	
1	
1	
1	
1	
1	
1	
1	
1	
1	
1	
1	
1	
1	
1	
1	
1	
1	
1	
1	
1	
1	
1	
1	
1	
1	
1	
1	
1	
1	
1	
1	
1	
1	
1	
1	
1	
1	
1	
1	
1	
1	
1	
1	
1	
1	
1	
1	
1	
1	
1	
1	
1	
1	
1	
1	
1	
1	
1	
1	
1	
1	
1	
1	
1	
1	
1	
1	
1	
1	
1	
1	
1	
1	
1	
1	
1	
1	
1	
1	
1	
1	
1	
1	
1	
1	
1	
1	
1	
1	
1	
1	
1	
1	
1	
1	
1	
1	
1	
1	
1	
1	
1	
1	
1	
1	
1	
1	
1	
1	
1	
1	
1	
1	
1	
1	
1	
1	
1	
1	
1	
1	
1	
1	
1	
1	
1	
1	
1	
1	
1	
1	
1	
1	
1	
1	
1	
1	
1	
1	
1	
1	
1	
1	
1	
1	
1	
1	
1	
1	
1	
1	
1	
1	
1	
1	
1	
1	
1	
1	
1	
1	
1	
1	
1	
1	
1	
1	
1	
1	
1	
1	
1	
1	
1	
1	
1	
1	
1	
1	
1	
1	
1	
1	
1	
1	
1	
1	
1	
1	
1	
1	
1	
1	
1	
1	
1	
1	
1	
1	
1	
1	
1	
1	
1	
1	
1	
1	
1	
1	
1	
1	
1	
1	
1	
1	
1	
1	
1	
1	
1	
1	
1	
1	
1	
1	
1	
1	
1	
1	
1	
1	
1	
1	
1	
1	
1	
1	
1	
1	
1	
1	
1	
1	
1	
1	
1	
1	
1	
1	
1	
1	
1	
1	
1	
1	
1	
1	
1	
1	
1	
1	
1	
1	
1	
1	
1	
1	
1	
1	
1	
1	
1	
1	
1	
1	
1	
1	
1	
1	
1	
1	
1	
1	
1	
1	
1	
1	
1	
1	
1	
1	
1	
1	
1	
1	
1	
1	
1	
1	
1	
1	
1	
1	
1	
1	
1	
1	
1	
1	
1	
1	
1	
1	
1	
1	
1	
1	
1	
1	
1	
1	
1	
1	
1	
1	
1	
1	
1	
1	
1	
1	
1	
1	
1	
1	
1	
1	
1	
1	
1	
1	
1	
1	
1	
1	
1	
1	
1	
1	
1	
1	
1	
1	
1	
1	
1	
1	
1	
1	
1	
1	
1	
1	
1	
1	
1	
1	
1	
1	
1	
1	
1	
1	
1	
1	
1	
1	
1	
1	
1	
1	
1	
1	
1	
1	
1	
1	
1	
1	
1	
1	
1	
1	
1	
1	
1	
1	
1	
1	
1	
1	
1	
1	
1	
1	
1	
1	
1	
1	
1	
1	
1	
1	
1	
1	
1	
1	
1	
1	
1	
1	
1	
1	
1	
1	
1	
1	
1	
1	
1	
1	
1	
1	
1	
1	
1	
1	
1	
1	
1	
1	
1	
1	
1	
1	
1	
1	
1	
1	
1	
1	
1	
1	
1	
1	
1	
1	
1	
1	
1	
1	
1	
1	
1	
1	
1	
1	
1	
1	
1	
1	
1	
1	
1	
1	
1	
1	
1	
1	
1	
1	
1	
1	
1	
1	
1	
1	
1	
1	
1	
1	
1	
1	
1	
1	
1	
1	
1	
1	
1	
1	
1	
1	
1	
1	
1	
1	
1	
1	
1	
1	
1	
1	
1	
1	
1	
1	
1	
1	
1	
1	
1	
1	
1	
1	
1	
1	
1	
1	
1	
1	
1	
1	
1	
1	
1	
1	
1	
1	
1	
1	
1	
1	
1	
1	
1	
1	
1	
1	
1	
1	
1	
1	
1	
1	
1	
1	
1	
1	
1	
1	
1	
1	
1	
1	
1	
1	
1	
1	
1	
1	
1	
1	
1	
1	
1	
1	
1	
1	
1	
1	
1	
1	
1	
1	
1	
1	
1	
1	
1	
1	
1	
1	
1	
1	
1	
1	
1	
1	
1	
1	
1	
1	
1	
1	
1	
1	
1	
1	
1	
1	
1	
1	
1	
1	
1	
1	
1	
1	
1	
1	
1	
1	
1	
1	
1	
1	
1	
1	
1	
1	
1	
1	
1	
1	
1	
1	
1	
1	
1	
1	
1	
1	
1	
1	
1	
1	
1	
1	
1	
1	
1	
1	
1	
1	
1	
1	
1	
1	
1	
1	
1	
1	
1	
1	
1	
1	
1	
1	
1	
1	
1	
1	
1	
1	
1	
1	
1	
1	
1	
1	
1	
1	
1	
1	
1	
1	
1	
1	
1	
1	
1	
1	
1	
1	
1	
1	
1	
1	
1	
1	
1	
1	
1	
1	
1	
1	
1	
1	
1	
1	
1	
1	
1	
1	
1	
1	
1	
1	
1	
1	
1	
1	
1	
1	
1	
1	
1	
1	
1	
1	
1	
1	
1	
1	
1	
1	
1	
1	
1	
1	
1	
1	
1	
1	
1	
1	
1	
1	
1	
1	
1	
1	
1	
1	
1	
1	
1	
1	
1	
1	
1	
1	
1	
1	
1	
1	
1	
1	
1	
1	
1	
1	
1	
1	
1	
1	
1	
1	
1	
1	
1	
1	
1	
1	
1	
1	
1	
1	
1	
1	
1	
1	
1	
1	
1	
1	
1	
1	
1	
1	
1	
1	
1	
1	
1	
1	
1	
1	
1	
1	
1	
1	
1	
1	
1	
1	
1	
1	
1	
1	
1	
1	
1	
1	
1	
1	
1	
1	
1	
1	
1	
1	
1	
1	
1	
1	
1	
1	
1	
1	
1	
1	
1	
1	
1	
1	
1	
1	
1	
1	
1	
1	
1	
1	
1	
1	
1	
1	
1	
1	
1	
1	
1	
1	
1	
1	
1	
1	
1	
1	
1	
1	
1	
1	
1	
1	
1	
1	
1	
1	
1	
1	
1	
1	
1	
1	
1	
1	
1	
1	
1	
1	
1	
1	
1	
1	
1	
1	
1	
1	
1	
1	
1	
1	
1	
1	
1	
1	
1	
1	
1	
1	
1	
1	
1	
1	
1	
1	
1	
1	
1	
1	
1	
1	
1	
1	
1	
1	
1	
1	
1	
1	
1	
1	
1	
1	
1	
1	
1	
1	
1	
1	
1	
1	
1	
1	
1	
1	
1	
1	
1	
1	
1	
1	
1	
1	
1	
1	
1	
1	
1	
1	
1	
1	
1	
1	
1	
1	
1	
1	
1	
1	
1	
1	
1	
1	
1	
1	
1	
1	
1	
1	
1	
1	
1	
1	
1	
1	
1	
1	
1	
1	
1	
1	
1	
1	
1	
1	
1	
1	
1	
1	
1	
1	
1	
1	
1	
1	
1	
1	
1	
1	
1	
1	
1	
1	
1	
1	
1	
1	
1	
1	
1	
1	
1	
1	
1	
1	
1	
1	
1	
1	
1	
1	
1	
1	
1	
1	
1	
1	
1	
1	
1	
1	
1	
1	
1	
1	
1	
1	
1	
1	
1	
1	
1	
1	
1	
1	
1	
1	
1	
1	
1	
1	
1	
1	
1	
1	
1	
1	
1	
1	
1	
1	
1	
1	
1	
1	
1	
1	
1	
1	
1	
1	
1	
1	
1	
1	
1	
1	
1	
1	
1	
1	
1	
1	
1	
1	
1	
1	
1	
1	
1	
1	
1	
1	
1	
1	
1	
1	
1	
1	
1	
1	
1	
1	
1	
1	
1	
1	
1	
1	
1	
1	
1	
1	
1	
1	
1	
1	
1	
1	
1	
1	
1	
1	
1	
1	
1	
1	
1	
1	
1	
1	
1	
1	
1	
1	
1	
1	
1	
1	
1	
1	
1	
1	
1	
1	
1	
1	
1	
1	
1	
1	
1	
1	
1	
1	
1	
1	
1	
1	
1	
1	
1	
1	
1	
1	
1	
1	
1	
1	
1	
1	
1	
1	
1	
1	
1	
1	
1	
1	
1	
1	
1	
1	
1	
1	
1	
1	
1	
1	
1	
1	
1	
1	
1	
1	
1	
1	
1	
1	
1	
1	
1	
1	
1	
1	
1	
1	
1	
1	
1	
1	
1	
1	
1	
1	
1	
1	
1	
1	
1	
1	
1	
1	
1	
1	
1	
1	
1	
1	
1	
1	
1	
1	
1	
1	
1	
1	
1	
1	
1	
1	
1	
1	
1	
1	
1	
1	
1	
1	
1	
1	
1	
1	
1	
1	
1	
1	
1	
1	
1	
1	
1	
1	
1	
1	
1	
1	
1	
1	
1	
1	
1	
1	
1	
1	
1	
1	
1	
1	
1	
1	
1	
1	
1	
1	
1	
1	
1	
1	
1	
1	
1	
1	
1	
1	
1	
1	
1	
1	
1	
1	
1	
1	
1	
1	
1	
1	
1	
1	
1	
1	
1	
1	
1	
1	
1	
1	
1	
1	
1	
1	
1	
1	
1	
1	
1	
1	
1	
1	
1	
1	
1	
1	
1	
1	
1	
1	
1	
1	
1	
1	
1	
1	
1	
1	
1	
1	
1	
1	
1	
1	
1	
1	
1	
1	
1	
1	
1	
1	
1	
1	
1	
1	
1	
1	
1	
1	
1	
1	
1	
1	
1	
1	
1	
1	
1	
1	
1	
1	
1	
1	
1	
1	
1	
1	
1	
1	
1	
1	
1	
1	
1	
1	
1	
1	
1	
1	
1	
1	
1	
1	
1	
1	
1	
1	
1	
1	
1	
1	
1	
1	
1	
1	
1	
1	
1	
1	
1	
1	
1	
1	
1	
1	
1	
1	
1	
1	
1	
1	
1	
1	
1	
1	
1	
1	
1	
1	
1	
1	
1	
1	
1	
1	
1	
1	
1	
1	
1	
1	
1	
1	
1	
1	
1	
1	
1	
1	
1	
1	
1	
1	
1	
1	
1	
1	
1	
1	
1	
1	
1	
1	
1	
1	
1	
1	
1	
1	
1	
1	
1	
1	
1	
1	
1	
1	
1	
1	
1	
1	
1	
1	
1	
1	
1	
1	
1	
1	
1	
1	
1	
1	
1	
1	
1	
1	
1	
1	
1	
1	
1	
1	
1	
1	
1	
1	
1	
1	
1	
1	
1	
1	
1	
1	
1	
1	
1	
1	
1	
1	
1	
1	
1	
1	
1	
1	
1	
1	
1	
1	
1	
1	
1	
1	
1	
1	
1	
1	
1	
1	
1	
1	
1	
1	
1	
1	
1	
1	
1	
1	
1	
1	
1	
1	
1	
1	
1	
1	
1	
1	
1	
1	
1	
1	
1	
1	
1	
1	
1	
1	
1	
1	
1	
1	
1	
1	
1	
1	
1	
1	
1	
1	
1	
1	
1	
1	
1	
1	
1	
1	
1	
1	
1	
1	
1	
1	
1	
1	
1	
1	
1	
1	
1	
1	
1	
1	
1	
1	
1	
1	
1	
1	
1	
1	
1	
1	
1	
1	
1	
1	
1	
1	
1	
1	
1	
1	
1	
1	
1	
1	
1	
1	
1	
1	
1	
1	
1	
1	
1	
1	
1	
1	
1	
1	
1	
1	
1	
1	
1	
1	
1	
1	
1	
1	
1	
1	
1	
1	
1	
1	
1	
1	
1	
1	
1	
1	
1	
1	
1	
1	
1	
1	
1	
1	
1	
1	
1	
1	
1	
1	
1	
1	
1	
1	
1	
1	
1	
1	
1	
1	
1	
1	
1	
1	
1	
1	
1	
1	
1	
1	
1	
1	
1	
1	
1	
1	
1	
1	
1	
1	
1	
1	
1	
1	
1	
1	
1	
1	
1	
1	
1	
1	
1	
1	
1	
1	
1	
1	
1	
1	
1	
1	
1	
1	
1	
1	
1	
1	
1	
1	
1	
1	
1	
1	
1	
1	
1	
1	
1	
1	
1	
1	
1	
1	
1	
1	
1	
1	
1	
1	
1	
1	
1	
1	
1	
1	
1	
1	
1	
1	
1	
1	
1	
1	
1	
1	
1	
1	
1	
1	
1	
1	
1	
1	
1	
1	
1	
1	
1	
1	
1	
1	
1	
1	
1	
1	
1	
1	
1	
1	
1	
1	
1	
1	
1	
1	
1	
1	
1	
1	
1	
1	
1	
1	
1	
1	
1	
1	
1	
1	
1	
1	
1	
1	
1	
1	
1	
1	
1	
1	
1	
1	
1	
1	
1	
1	
1	
1	
1	
1	
1	
1	
1	
1	
1	
1	
1	
1	
1	
1	
1	
1	
1	
1	
1	
1	
1	
1	
1	
1	
1	
1	
1	
1	
1	
1	
1	
1	
1	
1	
1	
1	
1	
1	
1	
1	
1	
1	
1	
1	
1	
1	
1	
1	
1	
1	
1	
1	
1	
1	
1	
1	
1	
1	
1	
1	
1	
1	
1	
1	
1	
1	
1	
1	
1	
1	
1	
1	
1	
1	
1	
1	
1	
1	
1	
1	
1	
1	
1	
1	
1	
1	
1	
1	
1	
1	
1	
1	
1	
1	
1	
1	
1	
1	
1	
1	
1	
1	
1	
1	
1	
1	
1	
1	
1	
1	
1	
1	
1	
1	
1	
1	
1	
1	
1	
1	
1	
1	
1	
1	
1	
1	
1	
1	
1	
1	
1	
1	
1	
1	
1	
1	
1	
1	
1	
1	
1	
1	
1	
1	
1	
1	
1	
1	
1	
1	
1	
1	
1	
1	
1	
1	
1	
1	
1	
1	
1	
1	
1	
1	
1	
1	
1	
1	
1	
1	
1	
1	
1	
1	
1	
1	
1	
1	
1	
1	
1	
1	
1	
1	
1	
1	
1	
1	
1	
1	
1	
1	
1	
1	
1	
1	
1	
1	
1	
1	
1	
1	
1	
1	
1	
1	
1	
1	
1	
1	
1	
1	
1	
1	
1	
1	
1	
1	
1	
1	
1	
1	
1	
1	
1	
1	
1	
1	
1	
1	
1	
1	
1	
1	
1	
1	
1	
1	
1	
1	
1	
1	
1	
1	
1	
1	
1	
1	
1	
1	
1	
1	
1	
1	
1	
1	
1	
1	
1	
1	
1	
1	
1	
1	
1	
1	
1	
1	
1	
1	
1	
1	
1	
1	
1	
1	
1	
1	
1	
1	
1	
1	
1	
1	
1	
1	
1	
1	
1	
1	
1	
1	
1	
1	
1	
1	
1	
1	
1	
1	
1	
1	
1	
1	
1	
1	
1	
1	
1	
1	
1	
1	
1	
1	
1	
1	
1	
1	
1	
1	
1	
1	
1	
1	
1	
1	
1	
1	
1	
1	
1	
1	
1	
1	
1	
1	
1	
1	
1	
1	
1	
1	
1	
1	
1	
1	
1	
1	
1	
1	
1	
1	
1	
1	
1	
1	
1	
1	
1	
1	
1	
1	
1	
1	
1	
1	
1	
1	
1	
1	
1	
1	
1	
1	
1	
1	
1	
1	
1	
1	
1	
1	
1	
1	
1	
1	
1	
1	
1	
1	
1	
1	
1	
1	
1	
1	
1	
1	
1	
1	
1	
1	
1	
1	
1	
1	
1	
1	
1	
1	
1	
1	
1	
1	
1	
1	
1	
1	
1	
1	
1	
1	
1	
1	
1	
1	
1	
1	
1	
1	
1	
1	
1	
1	
1	
1	
1	
1	
1	
1	
1	
1	
1	
1	
1	
1	
1	
1	
1	
1	
1	
1	
1	
1	
1	
1	
1	
1	
1	
1	
1	
1	
1	
1	
1	
1	
1	
1	
1	
1	
1	
1	
1	
1	
1	
1	
1	
1	
1	
1	
1	
1	
1	
1	
1	
1	
1	
1	
1	
1	
1	
1	
1	
1	
1	
1	
1	
1	
1	
1	
1	
1	
1	
1	
1	
1	
1	
1	
1	
1	
1	
1	
1	
1	
1	
1	
1	
1	
1	
1	
1	
1	
1	
1	
1	
1	
1	
1	
1	
1	
1	
1	
1	
1	
1	
1	
1	
1	
1	
1	
1	
1	
1	
1	
1	
1	
1	
1	
1	
1	
1	
1	
1	
1	
1	
1	
1	
1	
1	
1	
1	
1	
1	
1	
1	
1	
1	
1	
1	
1	
1	
1	
1	
1	
1	
1	
1	
1	
1	
1	
1	
1	
1	
1	
1	
1	
1	
1	
1	
1	
1	
1	
1	
1	
1	
1	
1	
1	
1	
1	
1	
1	
1	
1	
1	
1	
1	
1	
1	
1	
1	
1	
1	
1	
1	
1	
1	
1	
1	
1	
1	
1	
1	
1	
1	
1	
1	
1	
1	
1	
1	
1	
1	
1	
1	
1	
1	
1	
1	
1	
1	
1	
1	
1	
1	
1	
1	
1	
1	
1	
1	
1	
1	
1	
1	
1	
1	
1	
1	
1	
1	
1	
1	
1	
1	
1	
1	
1	
1	
1	
1	
1	
1	
1	
1	
1	
1	
1	
1	
1	
1	
1	
1	
1	
1	
1	
1	
1	
1	
1	
1	
1	
1	
1	
1	
1	
1	
1	
1	
1	
1	
1	
1	
1	
1	
1	
1	
1	
1	
1	
1	
1	
1	
1	
1	
1	
1	
1	
1	
1	
1	
1	
1	
1	
1	
1	
1	
1	
1	
1	
1	
1	
1	
1	
1	
1	
1	
1	
1	
1	
1	
1	
1	
1	
1	
1	
1	
1	
1	
1	
1	
1	
1	
1	
1	
1	
1	
1	
1	
1	
1	
1	
1	
1	
1	
1	
1	
1	
1	
1	
1	
1	
1	
1	
1	
1	
1	
1	
1	
1	
1	
1	
1	
1	
1	
1	
1	
1	
1	
1	
1	
1	
1	
1	
1	
1	
1	
1	
1	
1	
1	
1	
1	
1	
1	
1	
1	
1	
1	
1	
1	
1	
1	
1	
1	
1	
1	
1	
1	
1	
1	
1	
1	
1	
1	
1	
1	
1	
1	
1	
1	
1	
1	
1	
1	
1	
1	
1	
1	
1	
1	
1	
1	
1	
1	
1	
1	
1	
1	
1	
1	
1	
1	
1	
1	
1	
1	
1	
1	
1	
1	
1	
1	
1	
1	
1	
1	
1	
1	
1	
1	
1	
1	
1	
1	
1	
1	
1	
1	
1	
1	
1	
1	
1	
1	
1	
1	
1	
1	
1	
1	
1	
1	
1	
1	
1	
1	
1	
1	
1	
1	
1	
1	
1	
1	
1	
1	
1	
1	
1	
1	
1	
1	
1	
1	
1	
1	
1	
1	
1	
1	
1	
1	
1	
1	
1	
1	
1	
1	
1	
1	
1	
1	
1	
1	
1	
1	
1	
1	
1	
1	
1	
1	
1	
1	
1	
1	
1	
1	
1	
1	
1	
1	
1	
1	
1	
1	
1	
1	
1	
1	
1	
1	
1	
1	
1	
1	
1	
1	
1	
1	
1	
1	
1	
1	
1	
1	
1	
1	
1	
1	
1	
1	
1	
1	
1	
1	
1	
1	
1	
1	
1	
1	
1	
1	
1	
1	
1	
1	
1	
1	
1	
1	
1	
1	
1	
1	
1	
1	
1	
1	
1	
1	
1	
1	
1	
1	
1	
1	
1	
1	
1	
1	
1	
1	
1	
1	
1	
1	
1	
1	
1	
1	
1	
1	
1	
1	
1	
1	
1	
1	
1	
1	
1	
1	
1	
1	
1	
1	
1	
1	
1	
1	
1	
1	
1	
1	
1	
1	
1	
1	
1	
1	
1	
1	
1	
1	
1	
1	
1	
1	
1	
1	
1	
1	
1	
1	
1	
1	
1	
1	
1	
1	
1	
1	
1	
1	
1	
1	
1	
1	
1	
1	
1	
1	
1	
1	
1	
1	
1	
1	
1	
1	
1	
1	
1	
1	
1	
1	
1	
1	
1	
1	
1	
1	
1	
1	
1	
1	
1	
1	
1	
1	
1	
1	
1	
1	
1	
1	
1	
1	
1	
1	
1	
1	
1	
1	
1	
1	
1	
1	
1	
1	
1	
1	
1	
1	
1	
1	
1	
1	
1	
1	
1	
1	
1	
1	
1	
1	
1	
1	
1	
1	
1	
1	
1	
1	
1	
1	
1	
1	
1	
1	
1	
1	
1	
1	
1	
1	
1	
1	
1	
1	
1	
1	
1	
1	
1	
1	
1	
1	
1	
1	
1	
1	
1	
1	
1	
1	
1	
1	
1	
1	
1	
1	
1	
1	
1	
1	
1	
1	
1	
1	
1	
1	
1	
1	
1	
1	
1	
1	
1	
1	
1	
1	
1	
1	
1	
1	
1	
1	
1	
1	
1	
1	
1	
1	
1	
1	
1	
1	
1	
1	
1	
1	
1	
1	
1	
1	
1	
1	
1	
1	
1	
1	
1	
1	
1	
1	
1	
1	
1	
1	
1	
1	
1	
1	
1	
1	
1	
1	
1	
1	
1	
1	
1	
1	
1	
1	
1	
1	
1	
1	
1	
1	
1	
1	
1	
1	
1	
1	
1	
1	
1	
1	
1	
1	
1	
1	
1	
1	
1	
1	
1	
1	
1	
1	
1	
1	
1	
1	
1	
1	
1	
1	
1	
1	
1	
1	
1	
1	
1	
1	
1	
1	
1	
1	
1	
1	
1	
1	
1	
1	
1	
1	
1	
1	
1	
1	
1	
1	
1	
1	
1	
1	
1	
1	
1	
1	
1	
1	
1	
1	
1	
1	
1	
1	
1	
1	
1	
1	
1	
1	
1	
1	
1	
1	
1	
1	
1	
1	
1	
1	
1	
1	
1	
1	
1	
1	
1	
1	
1	
1	
1	
1	
1	
1	
1	
1	
1	
1	
1	
1	
1	
1	
1	
1	
1	
1	
1	
1	
1	
1	
1	
1	
1	
1	
1	
1	
1	
1	
1	
1	
1	
1	
1	
1	
1	
1	
1	
1	
1	
1	
1	
1	
1	
1	
1	
1	
1	
1	
1	
1	
1	
1	
1	
1	
1	
1	
1	
1	
1	
1	
1	
1	
1	
1	
1	
1	
1	
1	
1	
1	
1	
1	
1	
1	
1	
1	
1	
1	
1	
1	
1	
1	
1	
1	
1	
1	
1	
1	
1	
1	
1	
1	
1	
1	
1	
1	
1	
1	
1	
1	
1	
1	
1	
1	
1	
1	
1	
1	
1	
1	
1	
1	
1	
1	
1	
1	
1	
1	
1	
1	
1	
1	
1	
1	
1	
1	
1	
1	
1	
1	
1	
1	
1	
1	
1	
1	
1	
1	
1	
1	
1	
1	
1	
1	
1	
1	
1	
1	
1	
1	
1	
1	
1	
1	
1	
1	
1	
1	
1	
1	
1	
1	
1	
1	
1	
1	
1	
1	
1	
1	
1	
1	
1	
1	
1	
1	
1	
1	
1	
1	
1	
1	
1	
1	
1	
1	
1	
1	
1	
1	
1	
1	
1	
1	
1	
1	
1	
1	
1	
1	
1	
1	
1	
1	
1	
1	
1	
1	
1	
1	
1	
1	
1	
1	
1	
1	
1	
1	
1	
1	
1	
1	
1	
1	
1	
1	
1	
1	
1	
1	
1	
1	
1	
1	
1	
1	
1	
1	
1	
1	
1	
1	
1	
1	
1	
1	
1	
1	
1	
1	
1	
1	
1	
1	
1	
1	
1	
1	
1	
1	
1	
1	
1	
1	
1	
1	
1	
1	
1	
1	
1	
1	
1	
1	
1	
1	
1	
1	
1	
1	
1	
1	
1	
1	
1	
1	
1	
1	
1	
1	
1	
1	
1	
1	
1	
1	
1	
1	
1	
1	
1	
1	
1	
1	
1	
1	
1	
1	
1	
1	
1	
1	
1	
1	
1	
1	
1	
1	
1	
1	
1	
1	
1	
1	
1	
1	
1	
1	
1	
1	
1	
1	
1	
1	
1	
1	
1	
1	
1	
1	
1	
1	
1	
1	
1	
1	
1	
1	
1	
1	
1	
1	
1	
1	
1	
1	
1	
1	
1	
1	
1	
1	
1	
1	
1	
1	
1	
1	
1	
1	
1	
1	
1	
1	
1	
1	
1	
1	
1	
1	
1	
1	
1	
1	
1	
1	
1	
1	
1	
1	
1	
1	
1	
1	
1	
1	
1	
1	
1	
1	
1	
1	
1	
1	
1	
1	
1	
1	
1	
1	
1	
1	
1	
1	
1	
1	
1	
1	
1	
1	
1	
1	
1	
1	
1	
1	
1	
1	
1	
1	
1	
1	
1	
1	
1	
1	
1	
1	
1	
1	
1	
1	
1	
1	
1	
1	
1	
1	
1	
1	
1	
1	
1	
1	
1	
1	
1	
1	
1	
1	
1	
1	
1	
1	
1	
1	
1	
1	
1	
1	
1	
1	
1	
1	
1	
1	
1	
1	
1	
1	
1	
1	
1	
1	
1	
1	
1	
1	
1	
1	
1	
1	
1	
1	
1	
1	
1	
1	
1	
1	
1	
1	
1	
1	
1	
1	
1	
1	
1	
1	
1	
1	
1	
1	
1	
1	
1	
1	
1	
1	
1	
1	
1	
1	
1	
1	
1	
1	
1	
1	
1	
1	
1	
1	
1	
1	
1	
1	
1	
1	
1	
1	
1	
1	
1	
1	
1	
1	
1	
1	
1	
1	
1	
1	
1	
1	
1	
1	
1	
1	
1	
1	
1	
1	
1	
1	
1	
1	
1	
1	
1	
1	
1	
1	
1	
1	
1	
1	
1	
1	
1	
1	
1	
1	
1	
1	
1	
1	
1	
1	
1	
1	
1	
1	
1	
1	
1	
1	
1	
1	
1	
1	
1	
1	
1	
1	
1	
1	
1	
1	
1	
1	
1	
1	
1	
1	
1	
1	
1	
1	
1	
1	
1	
1	
1	
1	
1	
1	
1	
1	
1	
1	
1	
1	
1	
1	
1	
1	
1	
1	
1	
1	
1	
1	
1	
1	
1	
1	
1	
1	
1	
1	
1	
1	
1	
1	
1	
1	
1	
1	
1	
1	
1	
1	
1	
1	
1	
1	
1	
1	
1	
1	
1	
1	
1	
1	
1	
1	
1	
1	
1	
1	
1	
1	
1	
1	
1	
1	
1	
1	
1	
1	
1	
1	
1	
1	
1	
1	
1	
1	
1	
1	
1	
1	
1	
1	
1	
1	
1	
1	
1	
1	
1	
1	
1	
1	
1	
1	
1	
1	
1	
1	
1	
1	
1	
1	
1	
1	
1	
1	
1	
1	
1	
1	
1	
1	
1	
1	
1	
1	
1	
1	
1	
1	
1	
1	
1	
1	
1	
1	
1	
1	
1	
1	
1	
1	
1	
1	
1	
1	
1	
1	
1	
1	
1	
1	
1	
1	
1	
1	
1	
1	
1	
1	
1	
1	
1	
1	
1	
1	
1	
1	
1	
1	
1	
1	
1	
1	
1	
1	
1	
1	
1	
1	
1	
1	
1	
1	
1	
1	
1	
1	
1	
1	
1	
1	
1	
1	
1	
1	
1	
1	
1	
1	
1	
1	
1	
1	
1	
1	
1	
1	
1	
1	
1	
1	
1	
1	
1	
1	
1	
1	
1	
1	
1	
1	
1	
1	
1	
1	
1	
1	
1	
1	
1	
1	
1	
1	
1	
1	
1	
1	
1	
1	
1	
1	
1	
1	
1	
1	
1	
1	
1	
1	
1	
1	
1	
1	
1	
1	
1	
1	
1	
1	
1	
1	
1	
1	
1	
1	
1	
1	
1	
1	
1	
1	
1	
1	
1	
1	
1	
1	
1	
1	
1	
1	
1	
1	
1	
1	
1	
1	
1	
1	
1	
1	
1	
1	
1	
1	
1	
1	
1	
1	
1	
1	
1	
1	
1	
1	
1	
1	
1	
1	
1	
1	
1	
1	
1	
1	
1	
1	
1	
1	
1	
1	
1	
1	
1	
1	
1	
1	
1	
1	
1	
1	
1	
1	
1	
1	
1	
1	
1	
1	
1	
1	
1	
1	
1	
1	
1	
1	
1	
1	
1	
1	
1	
1	
1	
1	
1	
1	
1	
1	
1	
1	
1	
1	
1	
1	
1	
1	
1	
1	
1	
1	
1	
1	
1	
1	
1	
1	
1	
1	
1	
1	
1	
1	
1	
1	
1	
1	
1	
1	
1	
1	
1	
1	
1	
1	
1	
1	
1	
1	
1	
1	
1	
1	
1	
1	
1	
1	
1	
1	
1	
1	
1	
1	
1	
1	
1	
1	
1	
1	
1	
1	
1	
1	
1	
1	
1	
1	
1	
1	
1	
1	
1	
1	
1	
1	
1	
1	
1	
1	
1	
1	
1	
1	
1	
1	
1	
1	
1	
1	
1	
1	
1	
1	
1	
1	
1	
1	
1	
1	
1	
1	
1	
1	
1	
1	
1	
1	
1	
1	
1	
1	
1	
1	
1	
1	
1	
1	
1	
1	
1	
1	
1	
1	
1	
1	
1	
1	
1	
1	
1	
1	
1	
1	
1	
1	
1	
1	
1	
1	
1	
1	
1	
1	
1	
1	
1	
1	
1	
1	
1	
1	
1	
1	
1	
1	
1	
1	
1	
1	
1	
1	
1	
1	
1	
1	
1	
1	
1	
1	
1	
1	
1	
1	
1	
1	
1	
1	
1	
1	
1	
1	
1	
1	
1	
1	
1	
1	
1	
1	
1	
1	
1	
1	
1	
1	
1	
1	
1	
1	
1	
1	
1	
1	
1	
1	
1	
1	
1	
1	
1	
1	
1	
1	
1	
1	
1	
1	
1	
1	
1	
1	
1	
1	
1	
1	
1	
1	
1	
1	
1	
1	
1	
1	
1	
1	
1	
1	
1	
1	
1	
1	
1	
1	
1	
1	
1	
1	
1	
1	
1	
1	
1	
1	
1	
1	
1	
1	
1	
1	
1	
1	
1	
1	
1	
1	
1	
1	
1	
1	
1	
1	
1	
1	
1	
1	
1	
1	
1	
1	
1	
1	
1	
1	
1	
1	
1	
1	
1	
1	
1	
1	
1	
1	
1	
1	
1	
1	
1	
1	
1	
1	
1	
1	
1	
1	
1	
1	
1	
1	
1	
1	
1	
1	
1	
1	
1	
1	
1	
1	
1	
1	
1	
1	
1	
1	
1	
1	
1	
1	
1	
1	
1	
1	
1	
1	
1	
1	
1	
1	
1	
1	
1	
1	
1	
1	
1	
1	
1	
1	
1	
1	
1	
1	
1	
1	
1	
1	
1	
1	
1	
1	
1	
1	
1	
1	
1	
1	
1	
1	
1	
1	
1	
1	
1	
1	
1	
1	
1	
1	
1	
1	
1	
1	
1	
1	
1	
1	
1	
1	
1	
1	
1	
1	
1	
1	
1	
1	
1	
1	
1	
1	
1	
1	
1	
1	
1	
1	
1	
1	
1	
1	
1	
1	
1	
1	
1	
1	
1	
1	
1	
1	
1	
1	
1	
1	
1	
1	
1	
1	
1	
1	
1	
1	
1	
1	
1	
1	
1	
1	
1	
1	
1	
1	
1	
1	
1	
1	
1	
1	
1	
1	
1	
1	
1	
1	
1	
1	
1	
1	
1	
1	
1	
1	
1	
1	
1	
1	
1	
1	
1	
1	
1	
1	
1	
1	
1	
1	
1	
1	
1	
1	
1	
1	
1	
1	
1	
1	
1	
1	
1	
1	
1	
1	
1	
1	
1	
1	
1	
1	
1	
1	
1	
1	
1	
1	
1	
1	
1	
1	
1	
1	
1	
1	
1	
1	
1	
1	
1	
1	
1	
1	
1	
1	
1	
1	
1	
1	
1	
1	
1	
1	
1	
1	
1	
1	
1	
1	
1	
1	
1	
1	
1	
1	
1	
1	
1	
1	
1	
1	
1	
1	
1	
1	
1	
1	
1	
1	
1	
1	
1	
1	
1	
1	
1	
1	
1	
1	
1	
1	
1	
1	
1	
1	
1	
1	
1	
1	
1	
1	
1	
1	
1	
1	
1	
1	
1	
1	
1	
1	
1	
1	
1	
1	
1	
1	
1	
1	
1	
1	
1	
1	
1	
1	
1	
1	
1	
1	
1	
1	
1	
1	
1	
1	
1	
1	
1	
1	
1	
1	
1	
1	
1	
1	
1	
1	
1	
1	
1	
1	
1	
1	
1	
1	
1	
1	
1	
1	
1	
1	
1	
1	
1	
1	
1	
1	
1	
1	
1	
1	
1	
1	
1	
1	
1	
1	
1	
1	
1	
1	
1	
1	
1	
1	
1	
1	
1	
1	
1	
1	
1	
1	
1	
1	
1	
1	
1	
1	
1	
1	
1	
1	
1	
1	
1	
1	
1	
1	
1	
1	
1	
1	
1	
1	
1	
1	
1	
1	
1	
1	
1	
1	
1	
1	
1	
1	
1	
1	
1	
1	
1	
1	
1	
1	
1	
1	
1	
1	
1	
1	
1	
1	
1	
1	
1	
1	
1	
1	
1	
1	
1	
1	
1	
1	
1	
1	
1	
1	
1	
1	
1	
1	
1	
1	
1	
1	
1	
1	
1	
1	
1	
1	
1	
1	
1	
1	
1	
1	
1	
1	
1	
1	
1	
1	
1	
1	
1	
1	
1	
1	
1	
1	
1	
1	
1	
1	
1	
1	
1	
1	
1	
1	
1	
1	
1	
1	
1	
1	
1	
1	
1	
1	
1	
1	
1	
1	
1	
1	
1	
1	
1	
1	
1	
1	
1	
1	
1	
1	
1	
1	
1	
1	
1	
1	
1	
1	
1	
1	
1	
1	
1	
1	
1	
1	
1	
1	
1	
1	
1	
1	
1	
1	
1	
1	
1	
1	
1	
1	
1	
1	
1	
1	
1	
1	
1	
1	
1	
1	
1	
1	
1	
1	
1	
1	
1	
1	
1	
1	
1	
1	
1	
1	
1	
1	
1	
1	
1	
1	
1	
1	
1	
1	
1	
1	
1	
1	
1	
1	
1	
1	
1	
1	
1	
1	
1	
1	
1	
1	
1	
1	
1	
1	
1	
1	
1	
1	
1	
1	
1	
1	
1	
1	
1	
1	
1	
1	
1	
1	
1	
1	
1	
1	
1	
1	
1	
1	
1	
1	
1	
1	
1	
1	
1	
1	
1	
1	
1	
1	
1	
1	
1	
1	
1	
1	
1	
1	
1	
1	
1	
1	
1	
1	
1	
1	
1	
1	
1	
1	
1	
1	
1	
1	
1	
1	
1	
1	
1	
1	
1	
1	
1	
1	
1	
1	
1	
1	
1	
1	
1	
1	
1	
1	
1	
1	
1	
1	
1	
1	
1	
1	
1	
1	
1	
1	
1	
1	
1	
1	
1	
1	
1	
1	
1	
1	
1	
1	
1	
1	
1	
1	
1	
1	
1	
1	
1	
1	
1	
1	
1	
1	
1	
1	
1	
1	
1	
1	
1	
1	
1	
1	
1	
1	
1	
1	
1	
1	
1	
1	
1	
1	
1	
1	
1	
1	
1	
1	
1	
1	
1	
1	
1	
1	
1	
1	
1	
1	
1	
1	
1	
1	
1	
1	
1	
1	
1	
1	
1	
1	
1	
1	
1	
1	
1	
1	
1	
1	
1	
1	
1	
1	
1	
1	
1	
1	
1	
1	
1	
1	
1	
1	
1	
1	
1	
1	
1	
1	
1	
1	
1	
1	
1	
1	
1	
1	
1	
1	
1	
1	
1	
1	
1	
1	
1	
1	
1	
1	
1	
1	
1	
1	
1	
1	
1	
1	
1	
1	
1	
1	
1	
1	
1	
1	
1	
1	
1	
1	
1	
1	
1	
1	
1	
1	
1	
1	
1	
1	
1	
1	
1	
1	
1	
1	
1	
1	
1	
1	
1	
1	
1	
1	
1	
1	
1	
1	
1	
1	
1	
1	
1	
1	
1	
1	
1	
1	
1	
1	
1	
1	
1	
1	
1	
1	
1	
1	
1	
1	
1	
1	
1	
1	
1	
1	
1	
1	
1	
1	
1	
1	
1	
1	
1	
1	
1	
1	
1	
1	
1	
1	
1	
1	
1	
1	
1	
1	
1	
1	
1	
1	
1	
1	
1	
1	
1	
1	
1	
1	
1	
1	
1	
1	
1	
1	
1	
1	
1	
1	
1	
1	
1	
1	
1	
1	
1	
1	
1	
1	
1	
1	
1	
1	
1	
1	
1	
1	
1	
1	
1	
1	
1	
1	
1	
1	
1	
1	
1	
1	
1	
1	
1	
1	
1	
1	
1	
1	
1	
1	
1	
1	
1	
1	
1	
1	
1	
1	
1	
1	
1	
1	
1	
1	
1	
1	
1	
1	
1	
1	
1	
1	
1	
1	
1	
1	
1	
1	
1	
1	
1	
1	
1	
1	
1	
1	
1	
1	
1	
1	
1	
1	
1	
1	
1	
1	
1	
1	
1	
1	
1	
1	
1	
1	
1	
1	
1	
1	
1	
1	
1	
1	
1	
1	
1	
1	
1	
1	
1	
1	
1	
1	
1	
1	
1	
1	
1	
1	
1	
1	
1	
1	
1	
1	
1	
1	
1	
1	
1	
1	
1	
1	
1	
1	
1	
1	
1	
1	
1	
1	
1	
1	
1	
1	
1	
1	
1	
1	
1	
1	
1	
1	
1	
1	
1	
1	
1	
1	
1	
1	
1	
1	
1	
1	
1	
1	
1	
1	
1	
1	
1	
1	
1	
1	
1	
1	
1	
1	
1	
1	
1	
1	
1	
1	
1	
1	
1	
1	
1	
1	
1	
1	
1	
1	
1	
1	
1	
1	
1	
1	
1	
1	
1	
1	
1	
1	
1	
1	
1	
1	
1	
1	
1	
1	
1	
1	
1	
1	
1	
1	
1	
1	
1	
1	
1	
1	
1	
1	
1	
1	
1	
1	
1	
1	
1	
1	
1	
1	
1	
1	
1	
1	
1	
1	
1	
1	
1	
1	
1	
1	
1	
1	
1	
1	
1	
1	
1	
1	
1	
1	
1	
1	
1	
1	
1	
1	
1	
1	
1	
1	
1	
1	
1	
1	
1	
1	
1	
1	
1	
1	
1	
1	
1	
1	
1	
1	
1	
1	
1	
1	
1	
1	
1	
1	
1	
1	
1	
1	
1	
1	
1	
1	
1	
1	
1	
1	
1	
1	
1	
1	
1	
1	
1	
1	
1	
1	
1	
1	
1	
1	
1	
1	
1	
1	
1	
1	
1	
1	
1	
1	
1	
1	
1	
1	
1	
1	
1	
1	
1	
1	
1	
1	
1	
1	
1	
1	
1	
1	
1	
1	
1	
1	
1	
1	
1	
1	
1	
1	
1	
1	
1	
1	
1	
1	
1	
1	
1	
1	
1	
1	
1	
1	
1	
1	
1	
1	
1	
1	
1	
1	
1	
1	
1	
1	
1	
1	
1	
1	
1	
1	
1	
1	
1	
1	
1	
1	
1	
1	
1	
1	
1	
1	
1	
1	
1	
1	
1	
1	
1	
1	
1	
1	
1	
1	
1	
1	
1	
1	
1	
1	
1	
1	
1	
1	
1	
1	
1	
1	
1	
1	
1	
1	
1	
1	
1	
1	
1	
1	
1	
1	
1	
1	
1	
1	
1	
1	
1	
1	
1	
1	
1	
1	
1	
1	
1	
1	
1	
1	
1	
1	
1	
1	
1	
1	
1	
1	
1	
1	
1	
1	
1	
1	
1	
1	
1	
1	
1	
1	
1	
1	
1	
1	
1	
1	
1	
1	
1	
1	
1	
1	
1	
1	
1	
1	
1	
1	
1	
1	
1	
1	
1	
1	
1	
1	
1	
1	
1	
1	
1	
1	
1	
1	
1	
1	
1	
1	
1	
1	
1	
1	
1	
1	
1	
1	
1	
1	
1	
1	
1	
1	
1	
1	
1	
1	
1	
1	
1	
1	
1	
1	
1	
1	
1	
1	
1	
1	
1	
1	
1	
1	
1	
1	
1	
1	
1	
1	
1	
1	
1	
1	
1	
1	
1	
1	
1	
1	
1	
1	
1	
1	
1	
1	
1	
1	
1	
1	
1	
1	
1	
1	
1	
1	
1	
1	
1	
1	
1	
1	
1	
1	
1	
1	
1	
1	
1	
1	
1	
1	
1	
1	
1	
1	
1	
1	
1	
1	
1	
1	
1	
1	
1	
1	
1	
1	
1	
1	
1	
1	
1	
1	
1	
1	
1	
1	
1	
1	
1	
1	
1	
1	
1	
1	
1	
1	
1	
1	
1	
1	
1	
1	
1	
1	
1	
1	
1	
1	
1	
1	
1	
1	
1	
1	
1	
1	
1	
1	
1	
1	
1	
1	
1	
1	
1	
1	
1	
1	
1	
1	
1	
1	
1	
1	
1	
1	
1	
1	
1	
1	
1	
1	
1	
1	
1	
1	
1	
1	
1	
1	
1	
1	
1	
1	
1	
1	
1	
1	
1	
1	
1	
1	
1	
1	
1	
1	
1	
1	
1	
1	
1	
1	
1	
1	
1	
1	
1	
1	
1	
1	
1	
1	
1	
1	
1	
1	
1	
1	
1	
1	
1	
1	
1	
1	
1	
1	
1	
1	
1	
1	
1	
1	
1	
1	
1	
1	
1	
1	
1	
1	
1	
1	
1	
1	
1	
1	
1	
1	
1	
1	
1	
1	
1	
1	
1	
1	
1	
1	
1	
1	
1	
1	
1	
1	
1	
1	
1	
1	
1	
1	
1	
1	
1	
1	
1	
1	
1	
1	
1	
1	
1	
1	
1	
1	
1	
1	
1	
1	
1	
1	
1	
1	
1	
1	
1	
1	
1	
1	
1	
1	
1	
1	
1	
1	
1	
1	
1	
1	
1	
1	
1	
1	
1	
1	
1	
1	
1	
1	
1	
1	
1	
1	
1	
1	
1	
1	
1	
1	
1	
1	
1	
1	
1	
1	
1	
1	
1	
1	
1	
1	
1	
1	
1	
1	
1	
1	
1	
1	
1	
1	
1	
1	
1	
1	
1	
1	
1	
1	
1	
1	
1	
1	
1	
1	
1	
1	
1	
1	
1	
1	
1	
1	
1	
1	
1	
1	
1	
1	
1	
1	
1	
1	
1	
1	
1	
1	
1	
1	
1	
1	
1	
1	
1	
1	
1	
1	
1	
1	
1	
1	
1	
1	
1	
1	
1	
1	
1	
1	
1	
1	
1	
1	
1	
1	
1	
1	
1	
1	
1	
1	
1	
1	
1	
1	
1	
1	
1	
1	
1	
1	
1	
1	
1	
1	
1	
1	
1	
1	
1	
1	
1	
1	
1	
1	
1	
1	
1	
1	
1	
1	
1	
1	
1	
1	
1	
1	
1	
1	
1	
1	
1	
1	
1	
1	
1	
1	
1	
1	
1	
1	
1	
1	
1	
1	
1	
1	
1	
1	
1	
1	
1	
1	
1	
1	
1	
1	
1	
1	
1	
1	
1	
1	
1	
1	
1	
1	
1	
1	
1	
1	
1	
1	
1	
1	
1	
1	
1	
1	
1	
1	
1	
1	
1	
1	
1	
1	
1	
1	
1	
1	
1	
1	
1	
1	
1	
1	
1	
1	
1	
1	
1	
1	
1	
1	
1	
1	
1	
1	
1	
1	
1	
1	
1	
1	
1	
1	
1	
1	
1	
1	
1	
1	
1	
1	
1	
1	
1	
1	
1	
1	
1	
1	
1	
1	
1	
1	
1	
1	
1	
1	
1	
1	
1	
1	
1	
1	
1	
1	
1	
1	
1	
1	
1	
1	
1	
1	
1	
1	
1	
1	
1	
1	
1	
1	
1	
1	
1	
1	
1	
1	
1	
1	
1	
1	
1	
1	
1	
1	
1	
1	
1	
1	
1	
1	
1	
1	
1	
1	
1	
1	
1	
1	
1	
1	
1	
1	
1	
1	
1	
1	
1	
1	
1	
1	
1	
1	
1	
1	
1	
1	
1	
1	
1	
1	
1	
1	
1	
1	
1	
1	
1	
1	
1	
1	
1	
1	
1	
1	
1	
1	
1	
1	
1	
1	
1	
1	
1	
1	
1	
1	
1	
1	
1	
1	
1	
1	
1	
1	
1	
1	
1	
1	
1	
1	
1	
1	
1	
1	
1	
1	
1	
1	
1	
1	
1	
1	
1	
1	
1	
1	
1	
1	
1	
1	
1	
1	
1	
1	
1	
1	
1	
1	
1	
1	
1	
1	
1	
1	
1	
1	
1	
1	
1	
1	
1	
1	
1	
1	
1	
1	
1	
1	
1	
1	
1	
1	
1	
1	
1	
1	
1	
1	
1	
1	
1	
1	
1	
1	
1	
1	
1	
1	
1	
1	
1	
1	
1	
1	
1	
1	
1	
1	
1	
1	
1	
1	
1	
1	
1	
1	
1	
1	
1	
1	
1	
1	
1	
1	
1	
1	
1	
1	
1	
1	
1	
1	
1	
1	
1	
1	
1	
1	
1	
1	
1	
1	
1	
1	
1	
1	
1	
1	
1	
1	
1	
1	
1	
1	
1	
1	
1	
1	
1	
1	
1	
1	
1	
1	
1	
1	
1	
1	
1	
1	
1	
1	
1	
1	
1	
1	
1	
1	
1	
1	
1	
1	
1	
1	
1	
1	
1	
1	
1	
1	
1	
1	
1	
1	
1	
1	
1	
1	
1	
1	
1	
1	
1	
1	
1	
1	
1	
1	
1	
1	
1	
1	
1	
1	
1	
1	
1	
1	
1	
1	
1	
1	
1	
1	
1	
1	
1	
1	
1	
1	
1	
1	
1	
1	
1	
1	
1	
1	
1	
1	
1	
1	
1	
1	
1	
1	
1	
1	
1	
1	
1	
1	
1	
1	
1	
1	
1	
1	
1	
1	
1	
1	
1	
1	
1	
1	
1	
1	
1	
1	
1	
1	
1	
1	
1	
1	
1	
1	
1	
1	
1	
1	
1	
1	
1	
1	
1	
1	
1	
1	
1	
1	
1	
1	
1	
1	
1	
1	
1	
1	
1	
1	
1	
1	
1	
1	
1	
1	
1	
1	
1	
1	
1	
1	
1	
1	
1	
1	
1	
1	
1	
1	
1	
1	
1	
1	
1	
1	
1	
1	
1	
1	
1	
1	
1	
1	
1	
1	
1	
1	
1	
1	
1	
1	
1	
1	
1	
1	
1	
1	
1	
1	
1	
1	
1	
1	
1	
1	
1	
1	
1	
1	
1	
1	
1	
1	
1	
1	
1	
1	
1	
1	
1	
1	
1	
1	
1	
1	
1	
1	
1	
1	
1	
1	
1	
1	
1	
1	
1	
1	
1	
1	
1	
1	
1	
1	
1	
1	
1	
1	
1	
1	
1	
1	
1	
1	
1	
1	
1	
1	
1	
1	
1	
1	
1	
1	
1	
1	
1	
1	
1	
1	
1	
1	
1	
1	
1	
1	
1	
1	
1	
1	
1	
1	
1	
1	
1	
1	
1	
1	
1	
1	
1	
1	
1	
1	
1	
1	
1	
1	
1	
1	
1	
1	
1	
1	
1	
1	
1	
1	
1	
1	
1	
1	
1	
1	
1	
1	
1	
1	
1	
1	
1	
1	
1	
1	
1	
1	
1	
1	
1	
1	
1	
1	
1	
1	
1	
1	
1	
1	
1	
1	
1	
1	
1	
1	
1	
1	
1	
1	
1	
1	
1	
1	
1	
1	
1	
1	
1	
1	
1	
1	
1	
1	
1	
1	
1	
1	
1	
1	
1	
1	
1	
1	
1	
1	
1	
1	
1	
1	
1	
1	
1	
1	
1	
1	
1	
1	
1	
1	
1	
1	
1	
1	
1	
1	
1	
1	
1	
1	
1	
1	
1	
1	
1	
1	
1	
1	
1	
1	
1	
1	
1	
1	
1	
1	
1	
1	
1	
1	
1	
1	
1	
1	
1	
1	
1	
1	
1	
1	
1	
1	
1	
1	
1	
1	
1	
1	
1	
1	
1	
1	
1	
1	
1	
1	
1	
1	
1	
1	
1	
1	
1	
1	
1	
1	
1	
1	
1	
1	
1	
1	
1	
1	
1	
1	
1	
1	
1	
1	
1	
1	
1	
1	
1	
1	
1	
1	
1	
1	
1	
1	
1	
1	
1	
1	
1	
1	
1	
1	
1	
1	
1	
1	
1	
1	
1	
1	
1	
1	
1	
1	
1	
1	
1	
1	
1	
1	
1	
1	
1	
1	
1	
1	
1	
1	
1	
1	
1	
1	
1	
1	
1	
1	
1	
1	
1	
1	
1	
1	
1	
1	
1	
1	
1	
1	
1	
1	
1	
1	
1	
1	
1	
1	
1	
1	
1	
1	
1	
1	
1	
1	
1	
1	
1	
1	
1	
1	
1	
1	
1	
1	
1	
1	
1	
1	
1	
1	
1	
1	
1	
1	
1	
1	
1	
1	
1	
1	
1	
1	
1	
1	
1	
1	
1	
1	
1	
1	
1	
1	
1	
1	
1	
1	
1	
1	
1	
1	
1	
1	
1	
1	
1	
1	
1	
1	
1	
1	
1	
1	
1	
1	
1	
1	
1	
1	
1	
1	
1	
1	
1	
1	
1	
1	
1	
1	
1	
1	
1	
1	
1	
1	
1	
1	
1	
1	
1	
1	
1	
1	
1	
1	
1	
1	
1	
1	
1	
1	
1	
1	
1	
1	
1	
1	
1	
1	
1	
1	
1	
1	
1	
1	
1	
1	
1	
1	
1	
1	
1	
1	
1	
1	
1	
1	
1	
1	
1	
1	
1	
1	
1	
1	
1	
1	
1	
1	
1	
1	
1	
1	
1	
1	
1	
1	
1	
1	
1	
1	
1	
1	
1	
1	
1	
1	
1	
1	
1	
1	
1	
1	
1	
1	
1	
1	
1	
1	
1	
1	
1	
1	
1	
1	
1	
1	
1	
1	
1	
1	
1	
1	
1	
1	
1	
1	
1	
1	
1	
1	
1	
1	
1	
1	
1	
1	
1	
1	
1	
1	
1	
1	
1	
1	
1	
1	
1	
1	
1	
1	
1	
1	
1	
1	
1	
1	
1	
1	
1	
1	
1	
1	
1	
1	
1	
1	
1	
1	
1	
1	
1	
1	
1	
1	
1	
1	
1	
1	
1	
1	
1	
1	
1	
1	
1	
1	
1	
1	
1	
1	
1	
1	
1	
1	
1	
1	
1	
1	
1	
1	
1	
1	
1	
1	
1	
1	
1	
1	
1	
1	
1	
1	
1	
1	
1	
1	
1	
1	
1	
1	
1	
1	
1	
1	
1	
1	
1	
1	
1	
1	
1	
1	
1	
1	
1	
1	
1	
1	
1	
1	
1	
1	
1	
1	
1	
1	
