0	
0	
0	
0	
0	
0	
0	
0	
0	
0	
0	
0	
0	
0	
0	
0	
0	
0	
0	
0	
0	
0	
0	
0	
0	
0	
0	
0	
0	
0	
0	
0	
0	
0	
0	
0	
0	
0	
0	
0	
0	
0	
0	
0	
0	
0	
0	
0	
0	
0	
0	
0	
0	
0	
0	
0	
0	
0	
0	
0	
0	
0	
0	
0	
0	
0	
0	
0	
0	
0	
0	
0	
0	
0	
0	
0	
0	
0	
0	
0	
0	
0	
0	
0	
0	
0	
0	
0	
0	
0	
0	
0	
0	
0	
0	
0	
0	
0	
0	
0	
0	
0	
0	
0	
0	
0	
0	
0	
0	
0	
0	
0	
0	
0	
0	
0	
0	
0	
0	
0	
0	
0	
0	
0	
0	
0	
0	
0	
0	
0	
0	
0	
0	
0	
0	
0	
0	
0	
0	
0	
0	
0	
0	
0	
0	
0	
0	
0	
0	
0	
0	
0	
0	
0	
0	
0	
0	
0	
0	
0	
0	
0	
0	
0	
0	
0	
0	
0	
0	
0	
0	
0	
0	
0	
0	
0	
0	
0	
0	
0	
0	
0	
0	
0	
0	
0	
0	
0	
0	
0	
0	
0	
0	
0	
0	
0	
0	
0	
0	
0	
0	
0	
0	
0	
0	
0	
0	
0	
0	
0	
0	
0	
0	
0	
0	
0	
0	
0	
0	
0	
0	
0	
0	
0	
0	
0	
0	
0	
0	
0	
0	
0	
0	
0	
0	
0	
0	
0	
0	
0	
0	
0	
0	
0	
0	
0	
0	
0	
0	
0	
0	
0	
0	
0	
0	
0	
0	
0	
0	
0	
0	
0	
0	
0	
0	
0	
0	
0	
0	
0	
0	
0	
0	
0	
0	
0	
0	
0	
0	
0	
0	
0	
0	
0	
0	
0	
0	
0	
0	
0	
0	
0	
0	
0	
0	
0	
0	
0	
0	
0	
0	
0	
0	
0	
0	
0	
0	
0	
0	
0	
0	
0	
0	
0	
0	
0	
0	
0	
0	
0	
0	
0	
0.5	
1	
1.5	
2	
2.5	
3.5	
4	
5	
5.5	
6	
6.5	
7.5	
8	
8.5	
9.5	
10	
10.5	
11	
12	
12.5	
13	
13.5	
14	
15	
15.5	
16	
16.5	
17	
18	
18.5	
19.5	
20	
20.5	
21.5	
22	
23	
23.5	
24.5	
25	
25.5	
26.5	
27	
28	
28.5	
29	
29.5	
30	
30.5	
31.5	
32	
33	
33.5	
34	
35	
35.5	
36	
37	
37.5	
38	
39	
39.5	
40	
41	
41.5	
42	
43	
43.5	
44	
44.5	
45.5	
46	
47	
47.5	
48.5	
49	
49.5	
50.5	
51	
52	
52.5	
53	
54	
54.5	
55.5	
56	
57	
57.5	
58.5	
58.5	
59	
60	
60.5	
61	
61.5	
62	
63	
63.5	
64	
64.5	
65.5	
66	
66.5	
67.5	
68	
68.5	
69.5	
70	
71	
71.5	
72	
73	
73.5	
74	
74.5	
75	
75.5	
76.5	
77	
77.5	
78.5	
79	
80	
80.5	
81	
82	
82.5	
83.5	
84	
84.5	
85	
85.5	
86	
86.5	
87.5	
88	
88.5	
89	
90	
90.5	
91	
91.5	
92.5	
93	
94	
94.5	
95.5	
96	
96.5	
97	
98	
98.5	
99.5	
100	
100.5	
101	
102	
102.5	
103.5	
104	
104.5	
105	
105.5	
106	
106.5	
107.5	
108	
108.5	
109.5	
110	
110.5	
111	
112	
112.5	
113	
114	
114.5	
115	
115.5	
116.5	
117	
117.5	
118.5	
119	
119.5	
120	
120.5	
121	
122	
122.5	
123	
123.5	
124.5	
125	
126	
126.5	
127	
127.5	
128.5	
129	
129.5	
130	
131	
131.5	
132	
133	
133.5	
134	
134.5	
135.5	
136	
136.5	
137	
137.5	
138	
139	
139.5	
140.5	
141	
141.5	
142.5	
143	
143.5	
144.5	
145	
145.5	
146.5	
147	
148	
148.5	
149	
149.5	
150	
151	
151.5	
152	
153	
153.5	
154.5	
155	
155.5	
156.5	
157	
157.5	
158	
159	
159.5	
160	
161	
161.5	
162	
162.5	
163	
163.5	
164	
164.5	
165	
165.5	
166.5	
167	
167.5	
168	
169	
169	
170	
170.5	
171	
171.5	
172.5	
173	
173.5	
174	
174.5	
175.5	
176	
176.5	
177	
178	
178.5	
179	
179.5	
180	
180.5	
181	
181.5	
182	
182.5	
183.5	
184	
185	
185.5	
186	
186.5	
187	
188	
188.5	
189.5	
190	
190.5	
191	
191.5	
192.5	
193	
193.5	
194	
194.5	
195	
196	
196.5	
197	
198	
198.5	
199	
199.5	
200.5	
201	
201.5	
202	
203	
203.5	
204	
204.5	
205	
206	
206.5	
207	
208	
208.5	
209	
209.5	
210	
210.5	
211	
211.5	
212.5	
213	
213.5	
214.5	
215	
216	
216.5	
217	
218	
218.5	
219	
220	
220.5	
221	
221.5	
222.5	
223	
223.5	
224	
225	
225.5	
226	
226.5	
227	
227.5	
228.5	
229	
230	
230.5	
231	
231.5	
232.5	
233	
233.5	
234.5	
235	
235.5	
236	
237	
237.5	
238.5	
238.5	
239	
240	
240.5	
241.5	
242	
242.5	
243	
244	
244.5	
245.5	
246	
246.5	
247	
248	
248.5	
249	
250	
250.5	
251	
251.5	
252.5	
253	
253.5	
254	
254.5	
255.5	
256	
257	
257.5	
258	
258.5	
259	
260	
260.5	
261	
262	
262.5	
263	
264	
264.5	
265	
266	
266.5	
267	
268	
268.5	
269	
269.5	
270	
270.5	
271.5	
272	
272.5	
273	
273.5	
274.5	
275	
276	
276.5	
277.5	
278	
278.5	
279.5	
280	
281	
281.5	
282	
282.5	
283.5	
284	
284.5	
285	
285.5	
286.5	
287	
287.5	
288	
289	
289.5	
290.5	
291	
291.5	
292.5	
293	
294	
294.5	
295	
296	
296.5	
297	
298	
298.5	
299	
299.5	
300	
300.5	
301	
301.5	
302.5	
303	
303.5	
304.5	
305	
305.5	
306	
307	
307.5	
308.5	
309	
309.5	
310.5	
311	
311.5	
312.5	
313	
313.5	
314	
314.5	
315.5	
316	
316.5	
317	
317.5	
318	
319	
319.5	
320	
321	
321.5	
322	
323	
323.5	
324	
324.5	
325.5	
326	
327	
327.5	
328	
328.5	
329	
330	
330.5	
331	
331.5	
332	
332.5	
333.5	
334	
335	
335.5	
336	
336.5	
337.5	
338	
338.5	
339.5	
340	
340.5	
341	
342	
342.5	
343	
343.5	
344	
344.5	
345	
346	
346.5	
347	
347.5	
348.5	
349	
349.5	
350.5	
351	
351.5	
352.5	
353	
354	
354.5	
355	
355.5	
356.5	
357	
358	
358.5	
359	
359.5	
360	
361	
361.5	
362	
362.5	
363.5	
364	
364.5	
365.5	
366	
367	
367.5	
368	
369	
369.5	
370.5	
371	
371.5	
372.5	
373	
373.5	
374	
374.5	
375	
376	
377	
377.5	
378	
379	
379.5	
380	
381	
381.5	
382	
383	
383.5	
384	
385	
385.5	
386.5	
387	
388	
388.5	
389	
389.5	
390	
390.5	
391.5	
392	
392.5	
393.5	
394	
395	
395.5	
396.5	
397	
398	
398.5	
399	
400	
400.5	
401.5	
402	
403	
403.5	
404	
404.5	
405	
406	
406.5	
407	
408	
408.5	
409.5	
410	
411	
411.5	
412	
413	
413.5	
414.5	
415	
416	
416.5	
417	
418	
418.5	
419	
419.5	
420	
421	
421.5	
422	
423	
423.5	
424	
425	
425.5	
426.5	
427	
427.5	
428.5	
429	
429.5	
430.5	
431	
432	
432.5	
433	
433.5	
434.5	
435	
435.5	
436.5	
437	
437.5	
438.5	
439	
439.5	
440	
441	
441.5	
442	
443	
443.5	
444.5	
445	
445.5	
446.5	
447	
447.5	
448.5	
449	
449.5	
450	
450.5	
451.5	
452	
452.5	
453.5	
454	
455	
455.5	
456	
457	
457.5	
458.5	
459	
460	
460.5	
461	
462	
462.5	
463.5	
463.5	
464.5	
465	
465.5	
466	
467	
467.5	
468.5	
469	
469.5	
470.5	
471	
472	
472.5	
473	
474	
474.5	
475	
476	
476.5	
477	
478	
478.5	
479	
479.5	
480.5	
481	
481.5	
482.5	
483.5	
484	
484.5	
485.5	
486	
487	
487.5	
488.5	
489	
489.5	
490.5	
491	
492	
492.5	
493	
493.5	
494	
495	
495.5	
496	
497	
497.5	
498	
499	
499.5	
500	
500.5	
501.5	
502	
503	
503.5	
504.5	
505	
505.5	
506.5	
507	
508	
508.5	
509	
509.5	
510	
511	
511.5	
512	
513	
513.5	
514	
515	
515.5	
516.5	
517	
518	
518.5	
519	
520	
520.5	
521.5	
522	
522.5	
523.5	
524	
524.5	
524.5	
525.5	
526	
527	
527.5	
528.5	
529	
529.5	
530	
531	
531.5	
532	
533	
533.5	
534	
535	
535.5	
536.5	
537	
538	
538.5	
539	
539.5	
540	
541	
541.5	
542	
543	
543.5	
544.5	
545	
545.5	
546.5	
547	
548	
548.5	
549	
550	
550.5	
551.5	
552	
552.5	
553	
553.5	
554.5	
555	
555.5	
556	
556.5	
557	
558	
558.5	
559.5	
560	
561	
561.5	
562	
563	
563.5	
564.5	
565	
565.5	
566.5	
567	
568	
568.5	
569	
569.5	
570	
570.5	
571.5	
572.5	
573	
573.5	
574.5	
575	
575.5	
576.5	
577	
578	
578.5	
579	
580	
580.5	
581.5	
582	
583	
583.5	
584	
584.5	
585.5	
586	
586.5	
587	
587.5	
588.5	
589	
590	
590.5	
591	
592	
592.5	
593	
594	
594.5	
595	
596	
596.5	
597	
598	
598.5	
599	
599.5	
600	
600.5	
601	
602	
602.5	
603	
604	
604.5	
605	
605.5	
606.5	
607	
608	
608.5	
609.5	
610	
610.5	
611.5	
612	
613	
613.5	
614	
614.5	
615	
616	
616.5	
617	
618	
618.5	
619	
620	
620.5	
621	
622	
622.5	
623	
623.5	
624.5	
625	
625.5	
626.5	
627	
627.5	
628	
628.5	
629	
630	
630.5	
631	
631.5	
632.5	
633	
633.5	
634.5	
635	
636	
636.5	
637	
638	
638.5	
639.5	
640	
640.5	
641.5	
642	
642.5	
643.5	
644	
644.5	
645	
645.5	
646.5	
647	
648	
648.5	
649	
650	
650.5	
651	
652	
652.5	
653.5	
654	
654.5	
655.5	
656	
656.5	
657.5	
658	
658.5	
659	
660	
660.5	
661	
661.5	
662.5	
663	
664	
664.5	
665	
665.5	
666.5	
667	
668	
668.5	
669.5	
670	
670.5	
671	
672	
672.5	
673.5	
673.5	
674	
675	
675.5	
676	
676.5	
677.5	
678	
678.5	
679.5	
680	
680.5	
681.5	
682	
683	
684	
684.5	
685.5	
686	
687	
687.5	
688.5	
689	
689.5	
690	
691	
691.5	
692.5	
693	
694	
694.5	
695	
696	
696.5	
697.5	
698	
699	
699.5	
700	
701	
701.5	
702.5	
703	
703.5	
704.5	
705	
705.5	
706	
707	
708	
708.5	
709.5	
710	
710.5	
711.5	
712	
713	
714	
714.5	
715.5	
716	
716.5	
717.5	
718.5	
718.5	
719.5	
720	
720.5	
721.5	
722	
723	
723.5	
724.5	
725	
725.5	
726.5	
727	
728	
728.5	
729.5	
730	
731	
731.5	
732	
733	
733.5	
734	
735	
735.5	
736	
736.5	
737.5	
738.5	
739	
740	
740.5	
741	
742	
742.5	
743.5	
744.5	
745	
745.5	
746.5	
747	
748	
748.5	
749	
750	
750.5	
751	
752	
752.5	
753.5	
754	
755	
755.5	
756.5	
757	
757.5	
758.5	
759.5	
760	
760.5	
761.5	
762	
762.5	
763.5	
764	
764.5	
765.5	
766	
766.5	
767.5	
768	
769	
770	
770.5	
771	
772	
772.5	
773.5	
774	
775	
775.5	
776.5	
777	
778	
778.5	
779	
779.5	
780.5	
781	
782	
782.5	
783	
784	
785	
785.5	
786	
787	
787.5	
788.5	
789	
790	
790.5	
791.5	
792	
792.5	
793.5	
794	
794.5	
795.5	
796	
796.5	
797.5	
798	
799	
800	
800.5	
801	
802	
802.5	
803.5	
804	
805	
805.5	
806.5	
807	
807.5	
808.5	
809	
809.5	
810	
811	
811.5	
812.5	
813	
813.5	
814	
814.5	
815.5	
816	
817	
817.5	
818	
819	
819.5	
820.5	
821.5	
822	
822.5	
823.5	
824	
824.5	
825.5	
826	
826.5	
827	
827.5	
828.5	
829	
829.5	
830	
831	
831.5	
832.5	
833	
833.5	
834.5	
835	
835.5	
836.5	
837	
838	
838.5	
839	
839.5	
840.5	
841	
841.5	
842	
843	
843.5	
844.5	
845	
845.5	
846	
847	
848	
848.5	
849.5	
850	
850.5	
851.5	
852	
853	
853.5	
854	
854.5	
855	
856	
856.5	
857.5	
858	
859	
859.5	
860	
860.5	
861.5	
862	
863	
863.5	
864	
865	
865.5	
866.5	
867	
868	
868.5	
869	
869.5	
870	
870.5	
871	
872	
872.5	
873.5	
874	
875	
875.5	
876	
877	
878	
878.5	
879	
880	
880.5	
881	
882	
882.5	
883.5	
884	
884.5	
885	
885.5	
886	
887	
887.5	
888	
889	
889.5	
890.5	
891	
891.5	
892.5	
893	
894	
894.5	
895	
895.5	
896.5	
897	
898	
898.5	
899	
899.5	
900.5	
901	
901.5	
902	
903	
903.5	
904.5	
905	
905.5	
906	
907	
907.5	
908	
909	
909.5	
910.5	
911	
911.5	
912.5	
913	
913.5	
914	
915	
915.5	
916	
916.5	
917.5	
918	
919	
919.5	
920.5	
921	
921.5	
922.5	
923	
923.5	
924.5	
925	
925.5	
926.5	
927	
927.5	
928.5	
929	
929.5	
930.5	
931	
931.5	
932	
933	
934	
934.5	
935	
936	
936.5	
937.5	
938	
939	
939.5	
940	
941	
941.5	
942.5	
943	
943.5	
944	
945	
945.5	
946	
947	
947.5	
948	
949	
949.5	
950.5	
951	
951.5	
952.5	
953	
954	
954.5	
955.5	
956	
957	
957.5	
958	
958.5	
959	
960	
960.5	
961	
962	
962.5	
963.5	
964	
965	
965.5	
966	
967	
967.5	
968.5	
969	
970	
970.5	
971	
972	
972.5	
973	
974	
974.5	
975	
976	
976.5	
977	
978	
978.5	
979.5	
980	
981	
981.5	
982	
983	
983.5	
984.5	
985	
986	
986.5	
987	
988	
988.5	
989	
990	
990.5	
991	
992	
992.5	
993.5	
994	
995	
995.5	
996	
997	
997.5	
998.5	
999	
999.5	
1000	
1000	
1000	
1000	
1000	
1000	
1000	
1000	
1000	
1000	
1000	
1000	
1000	
1000	
1000	
1000	
1000	
1000	
1000	
1000	
1000	
1000	
1000	
1000	
1000	
1000	
1000	
1000	
1000	
1000	
1000	
1000	
1000	
1000	
1000	
1000	
1000	
1000	
1000	
1000	
1000	
1000	
1000	
1000	
1000	
1000	
1000	
1000	
1000	
1000	
1000	
1000	
1000	
1000	
1000	
1000	
1000	
1000	
1000	
1000	
1000	
1000	
1000	
1000	
1000	
1000	
1000	
1000	
1000	
1000	
1000	
1000	
1000	
1000	
1000	
1000	
1000	
1000	
1000	
1000	
1000	
1000	
1000	
1000	
1000	
1000	
1000	
1000	
1000	
1000	
1000	
1000	
1000	
1000	
1000	
1000	
1000	
1000	
1000	
1000	
1000	
1000	
1000	
1000	
1000	
1000	
1000	
1000	
1000	
1000	
1000	
1000	
1000	
1000	
1000	
1000	
1000	
1000	
1000	
1000	
1000	
1000	
1000	
1000	
1000	
1000	
1000	
1000	
1000	
1000	
1000	
1000	
1000	
1000	
1000	
1000	
1000	
1000	
1000	
1000	
1000	
1000	
1000	
1000	
1000	
1000	
1000	
1000	
1000	
1000	
1000	
1000	
1000	
1000	
1000	
1000	
1000	
1000	
1000	
1000	
1000	
1000	
1000	
1000	
1000	
1000	
1000	
1000	
1000	
1000	
1000	
1000	
1000	
1000	
1000	
1000	
1000	
1000	
1000	
1000	
1000	
1000	
1000	
1000	
1000	
1000	
1000	
1000	
1000	
1000	
1000	
1000	
1000	
1000	
1000	
1000	
1000	
1000	
1000	
1000	
1000	
1000	
1000	
1000	
1000	
1000	
1000	
1000	
1000	
1000	
1000	
1000	
1000	
1000	
1000	
1000	
1000	
1000	
1000	
1000	
1000	
1000	
1000	
1000	
1000	
1000	
1000	
1000	
1000	
1000	
1000	
1000	
1000	
1000	
1000	
1000	
1000	
1000	
1000	
1000	
1000	
1000	
1000	
1000	
1000	
1000	
1000	
1000	
1000	
1000	
1000	
1000	
1000	
1000	
1000	
1000	
1000	
1000	
1000	
1000	
1000	
1000	
1000	
1000	
1000	
1000	
1000	
1000	
1000	
1000	
1000	
1000	
1000	
1000	
1000	
1000	
1000	
1000	
1000	
1000	
1000	
1000	
1000	
1000	
1000	
1000	
1000	
1000	
1000	
1000	
1000	
1000	
1000	
1000	
1000	
1000	
1000	
1000	
1000	
1000	
1000	
1000	
1000	
1000	
1000	
1000	
1000	
1000	
1000	
1000	
1000	
1000	
1000	
1000	
1000	
1000	
1000	
1000	
1000	
1000	
1000	
1000	
1000	
1000	
1000	
1000	
1000	
1000	
1000	
1000	
1000	
1000	
1000	
1000	
1000	
1000	
1000	
1000	
1000	
1000	
1000	
1000	
1000	
1000	
1000	
1000	
1000	
1000	
1000	
1000	
1000	
1000	
1000	
1000	
1000	
1000	
1000	
1000	
1000	
1000	
1000	
1000	
1000	
1000	
1000	
1000	
1000	
1000	
1000	
1000	
1000	
1000	
1000	
1000	
1000	
1000	
1000	
1000	
1000	
1000	
1000	
1000	
1000	
1000	
1000	
1000	
1000	
1000	
1000	
1000	
1000	
1000	
1000	
1000	
1000	
1000	
1000	
1000	
1000	
1000	
1000	
1000	
1000	
1000	
1000	
1000	
1000	
1000	
1000	
1000	
1000	
1000	
1000	
1000	
1000	
1000	
1000	
1000	
1000	
1000	
1000	
1000	
1000	
1000	
1000	
1000	
1000	
1000	
1000	
1000	
1000	
1000	
1000	
1000	
1000	
1000	
1000	
1000	
1000	
1000	
1000	
1000	
1000	
1000	
1000	
1000	
1000	
1000	
1000	
1000	
1000	
1000	
1000	
1000	
1000	
1000	
1000	
1000	
1000	
1000	
1000	
1000	
1000	
1000	
1000	
1000	
1000	
1000	
1000	
1000	
1000	
1000	
1000	
1000	
1000	
1000	
1000	
1000	
1000	
1000	
1000	
1000	
1000	
1000	
1000	
1000	
1000	
1000	
1000	
1000	
1000	
1000	
1000	
1000	
1000	
1000	
1000	
1000	
1000	
1000	
1000	
1000	
1000	
1000	
1000	
1000	
1000	
1000	
1000	
1000	
1000	
1000	
1000	
1000	
1000	
1000	
1000	
1000	
1000	
1000	
1000	
1000	
1000	
1000	
1000	
1000	
1000	
1000	
1000	
1000	
1000	
1000	
1000	
1000	
1000	
1000	
1000	
1000	
1000	
1000	
1000	
1000	
1000	
1000	
1000	
1000	
1000	
1000	
1000	
1000	
1000	
1000	
1000	
1000	
1000	
1000	
1000	
1000	
1000	
1000	
1000	
1000	
1000	
1000	
1000	
1000	
1000	
1000	
1000	
1000	
1000	
1000	
1000	
1000	
1000	
1000	
1000	
1000	
1000	
1000	
1000	
1000	
1000	
1000	
1000	
1000	
1000	
1000	
1000	
1000	
1000	
1000	
1000	
1000	
1000	
1000	
1000	
1000	
1000	
1000	
1000	
1000	
1000	
1000	
1000	
1000	
1000	
1000	
1000	
1000	
1000	
1000	
1000	
1000	
1000	
1000	
1000	
1000	
1000	
1000	
1000	
1000	
1000	
1000	
1000	
1000	
1000	
1000	
1000	
1000	
1000	
1000	
1000	
1000	
1000	
1000	
1000	
1000	
1000	
1000	
1000	
1000	
1000	
1000	
1000	
1000	
1000	
1000	
1000	
1000	
1000	
1000	
1000	
1000	
1000	
1000	
1000	
1000	
1000	
1000	
1000	
1000	
1000	
1000	
1000	
1000	
1000	
1000	
1000	
1000	
1000	
1000	
1000	
1000	
1000	
1000	
1000	
1000	
1000	
1000	
1000	
1000	
1000	
1000	
1000	
1000	
1000	
1000	
1000	
1000	
1000	
1000	
1000	
1000	
1000	
1000	
1000	
1000	
1000	
1000	
1000	
1000	
1000	
1000	
1000	
1000	
1000	
1000	
1000	
1000	
1000	
1000	
1000	
1000	
1000	
1000	
1000	
1000	
1000	
1000	
1000	
1000	
1000	
1000	
1000	
1000	
1000	
1000	
1000	
1000	
1000	
1000	
1000	
1000	
1000	
1000	
1000	
1000	
1000	
1000	
1000	
1000	
1000	
1000	
1000	
1000	
1000	
1000	
1000	
1000	
1000	
1000	
1000	
1000	
1000	
1000	
1000	
1000	
1000	
1000	
1000	
1000	
1000	
1000	
1000	
1000	
1000	
1000	
1000	
1000	
1000	
1000	
1000	
1000	
1000	
1000	
1000	
1000	
1000	
1000	
1000	
1000	
1000	
1000	
1000	
1000	
1000	
1000	
1000	
1000	
1000	
1000	
1000	
1000	
1000	
1000	
1000	
1000	
1000	
1000	
1000	
1000	
1000	
1000	
1000	
1000	
1000	
1000	
1000	
1000	
1000	
1000	
1000	
1000	
1000	
1000	
1000	
1000	
1000	
1000	
1000	
1000	
1000	
1000	
1000	
1000	
1000	
1000	
1000	
1000	
1000	
1000	
1000	
1000	
1000	
1000	
1000	
1000	
1000	
1000	
1000	
1000	
1000	
1000	
1000	
1000	
1000	
1000	
1000	
1000	
1000	
1000	
1000	
1000	
1000	
1000	
1000	
1000	
1000	
1000	
1000	
1000	
1000	
1000	
1000	
1000	
1000	
1000	
1000	
1000	
1000	
1000	
1000	
1000	
1000	
1000	
1000	
1000	
1000	
1000	
1000	
1000	
1000	
1000	
1000	
1000	
1000	
1000	
1000	
1000	
1000	
1000	
1000	
1000	
1000	
1000	
1000	
1000	
1000	
1000	
1000	
1000	
1000	
1000	
1000	
1000	
1000	
1000	
1000	
1000	
1000	
1000	
1000	
1000	
1000	
1000	
1000	
1000	
1000	
1000	
1000	
1000	
1000	
1000	
1000	
1000	
1000	
1000	
1000	
1000	
1000	
1000	
1000	
1000	
1000	
1000	
1000	
1000	
1000	
1000	
1000	
1000	
1000	
1000	
1000	
1000	
1000	
1000	
1000	
1000	
1000	
1000	
1000	
1000	
1000	
1000	
1000	
1000	
1000	
1000	
1000	
1000	
1000	
1000	
1000	
1000	
1000	
1000	
1000	
1000	
1000	
1000	
1000	
1000	
1000	
1000	
1000	
1000	
1000	
1000	
1000	
1000	
1000	
1000	
1000	
1000	
1000	
1000	
1000	
1000	
1000	
1000	
1000	
1000	
1000	
1000	
1000	
1000	
1000	
1000	
1000	
1000	
1000	
1000	
1000	
1000	
1000	
1000	
1000	
1000	
1000	
1000	
1000	
1000	
1000	
1000	
1000	
1000	
1000	
1000	
1000	
1000	
1000	
1000	
1000	
1000	
1000	
1000	
1000	
1000	
1000	
1000	
1000	
1000	
1000	
1000	
1000	
1000	
1000	
1000	
1000	
1000	
1000	
1000	
1000	
1000	
1000	
1000	
1000	
1000	
1000	
1000	
1000	
1000	
1000	
1000	
1000	
1000	
1000	
1000	
1000	
1000	
1000	
1000	
1000	
1000	
1000	
1000	
1000	
1000	
1000	
1000	
1000	
1000	
1000	
1000	
1000	
1000	
1000	
1000	
1000	
1000	
1000	
1000	
1000	
1000	
1000	
1000	
1000	
1000	
1000	
1000	
1000	
1000	
1000	
1000	
1000	
1000	
1000	
1000	
1000	
1000	
1000	
1000	
1000	
1000	
1000	
1000	
1000	
1000	
1000	
1000	
1000	
1000	
1000	
1000	
1000	
1000	
1000	
1000	
1000	
1000	
1000	
1000	
1000	
1000	
1000	
1000	
1000	
1000	
1000	
1000	
1000	
1000	
1000	
1000	
1000	
1000	
1000	
1000	
1000	
1000	
1000	
1000	
1000	
1000	
1000	
1000	
1000	
1000	
1000	
1000	
1000	
1000	
1000	
1000	
1000	
1000	
1000	
1000	
1000	
1000	
1000	
1000	
1000	
1000	
1000	
1000	
1000	
1000	
1000	
1000	
1000	
1000	
1000	
1000	
1000	
1000	
1000	
1000	
1000	
1000	
1000	
1000	
1000	
1000	
1000	
1000	
1000	
1000	
1000	
1000	
1000	
1000	
1000	
1000	
1000	
1000	
1000	
1000	
1000	
1000	
1000	
1000	
1000	
1000	
1000	
1000	
1000	
1000	
1000	
1000	
1000	
1000	
1000	
1000	
1000	
1000	
1000	
1000	
1000	
1000	
1000	
1000	
1000	
1000	
1000	
1000	
1000	
1000	
1000	
1000	
1000	
1000	
1000	
1000	
1000	
1000	
1000	
1000	
1000	
1000	
1000	
1000	
1000	
1000	
1000	
1000	
1000	
1000	
1000	
1000	
1000	
1000	
1000	
1000	
1000	
1000	
1000	
1000	
1000	
1000	
1000	
1000	
1000	
1000	
1000	
1000	
1000	
1000	
1000	
1000	
1000	
1000	
1000	
1000	
1000	
1000	
1000	
1000	
1000	
1000	
1000	
1000	
1000	
1000	
1000	
1000	
1000	
1000	
1000	
1000	
1000	
1000	
1000	
1000	
1000	
1000	
1000	
1000	
1000	
1000	
1000	
1000	
1000	
1000	
1000	
1000	
1000	
1000	
1000	
1000	
1000	
1000	
1000	
1000	
1000	
1000	
1000	
1000	
1000	
1000	
1000	
1000	
1000	
1000	
1000	
1000	
1000	
1000	
1000	
1000	
1000	
1000	
1000	
1000	
1000	
1000	
1000	
1000	
1000	
1000	
1000	
1000	
1000	
1000	
1000	
1000	
1000	
1000	
1000	
1000	
1000	
1000	
1000	
1000	
1000	
1000	
1000	
1000	
1000	
1000	
1000	
1000	
1000	
1000	
1000	
1000	
1000	
1000	
1000	
1000	
1000	
1000	
1000	
1000	
1000	
1000	
1000	
1000	
1000	
1000	
1000	
1000	
1000	
1000	
1000	
1000	
1000	
1000	
1000	
1000	
1000	
1000	
1000	
1000	
1000	
1000	
1000	
1000	
1000	
1000	
1000	
1000	
1000	
1000	
1000	
1000	
1000	
1000	
1000	
1000	
1000	
1000	
1000	
1000	
1000	
1000	
1000	
1000	
1000	
1000	
1000	
1000	
1000	
1000	
1000	
1000	
1000	
1000	
1000	
1000	
1000	
1000	
1000	
1000	
1000	
1000	
1000	
1000	
1000	
1000	
1000	
1000	
1000	
1000	
1000	
1000	
1000	
1000	
1000	
1000	
1000	
1000	
1000	
1000	
1000	
1000	
1000	
1000	
1000	
1000	
1000	
1000	
1000	
1000	
1000	
1000	
1000	
1000	
1000	
1000	
1000	
1000	
1000	
1000	
1000	
1000	
1000	
1000	
1000	
1000	
1000	
1000	
1000	
1000	
1000	
1000	
1000	
1000	
1000	
1000	
1000	
1000	
1000	
1000	
1000	
1000	
1000	
1000	
1000	
1000	
1000	
1000	
1000	
1000	
1000	
1000	
1000	
1000	
1000	
1000	
1000	
1000	
1000	
1000	
1000	
1000	
1000	
1000	
1000	
1000	
1000	
1000	
1000	
1000	
1000	
1000	
1000	
1000	
1000	
1000	
1000	
1000	
1000	
1000	
1000	
1000	
1000	
1000	
1000	
1000	
1000	
1000	
1000	
1000	
1000	
1000	
1000	
1000	
1000	
1000	
1000	
1000	
1000	
1000	
1000	
1000	
1000	
1000	
1000	
1000	
1000	
1000	
1000	
1000	
1000	
1000	
1000	
1000	
1000	
1000	
1000	
1000	
1000	
1000	
1000	
1000	
1000	
1000	
1000	
1000	
1000	
1000	
1000	
1000	
1000	
1000	
1000	
1000	
1000	
1000	
1000	
1000	
1000	
1000	
1000	
1000	
1000	
1000	
1000	
1000	
1000	
1000	
1000	
1000	
1000	
1000	
1000	
1000	
1000	
1000	
1000	
1000	
1000	
1000	
1000	
1000	
1000	
1000	
1000	
1000	
1000	
1000	
1000	
1000	
1000	
1000	
1000	
1000	
1000	
1000	
1000	
1000	
1000	
1000	
1000	
1000	
1000	
1000	
1000	
1000	
1000	
1000	
1000	
1000	
1000	
1000	
1000	
1000	
1000	
1000	
1000	
1000	
1000	
1000	
1000	
1000	
1000	
1000	
1000	
1000	
1000	
1000	
1000	
1000	
1000	
1000	
1000	
1000	
1000	
1000	
1000	
1000	
1000	
1000	
1000	
1000	
1000	
1000	
1000	
1000	
1000	
1000	
1000	
1000	
1000	
1000	
1000	
1000	
1000	
1000	
1000	
1000	
1000	
1000	
1000	
1000	
1000	
1000	
1000	
1000	
1000	
1000	
1000	
1000	
1000	
1000	
1000	
1000	
1000	
1000	
1000	
1000	
1000	
1000	
1000	
1000	
1000	
1000	
1000	
1000	
1000	
1000	
1000	
1000	
1000	
1000	
1000	
1000	
1000	
1000	
1000	
1000	
1000	
1000	
1000	
1000	
1000	
1000	
1000	
1000	
1000	
1000	
1000	
1000	
1000	
1000	
1000	
1000	
1000	
1000	
1000	
1000	
1000	
1000	
1000	
1000	
1000	
1000	
1000	
1000	
1000	
1000	
1000	
1000	
1000	
1000	
1000	
1000	
1000	
1000	
1000	
1000	
1000	
1000	
1000	
1000	
1000	
1000	
1000	
1000	
1000	
1000	
1000	
1000	
1000	
1000	
1000	
1000	
1000	
1000	
1000	
1000	
1000	
1000	
1000	
1000	
1000	
1000	
1000	
1000	
1000	
1000	
1000	
1000	
1000	
1000	
1000	
1000	
1000	
1000	
1000	
1000	
1000	
1000	
1000	
1000	
1000	
1000	
1000	
1000	
1000	
1000	
1000	
1000	
1000	
1000	
1000	
1000	
1000	
1000	
1000	
1000	
1000	
1000	
1000	
1000	
1000	
1000	
1000	
1000	
1000	
1000	
1000	
1000	
1000	
1000	
1000	
1000	
1000	
1000	
1000	
1000	
1000	
1000	
1000	
1000	
1000	
1000	
1000	
1000	
1000	
1000	
1000	
1000	
1000	
1000	
1000	
1000	
1000	
1000	
1000	
1000	
1000	
1000	
1000	
1000	
1000	
1000	
1000	
1000	
1000	
1000	
1000	
1000	
1000	
1000	
1000	
1000	
1000	
1000	
1000	
1000	
1000	
1000	
1000	
1000	
1000	
1000	
1000	
1000	
1000	
1000	
1000	
1000	
1000	
1000	
1000	
1000	
1000	
1000	
1000	
1000	
1000	
1000	
1000	
1000	
1000	
1000	
1000	
1000	
1000	
1000	
1000	
1000	
1000	
1000	
1000	
1000	
1000	
1000	
1000	
1000	
1000	
1000	
1000	
1000	
1000	
1000	
1000	
1000	
1000	
1000	
1000	
1000	
1000	
1000	
1000	
1000	
1000	
1000	
1000	
1000	
1000	
1000	
1000	
1000	
1000	
1000	
1000	
1000	
1000	
1000	
1000	
1000	
1000	
1000	
1000	
1000	
1000	
1000	
1000	
1000	
1000	
1000	
1000	
1000	
1000	
1000	
1000	
1000	
1000	
1000	
1000	
1000	
1000	
1000	
1000	
1000	
1000	
1000	
1000	
1000	
1000	
1000	
1000	
1000	
1000	
1000	
1000	
1000	
1000	
1000	
1000	
1000	
1000	
1000	
1000	
1000	
1000	
1000	
1000	
1000	
1000	
1000	
1000	
1000	
1000	
1000	
1000	
1000	
1000	
1000	
1000	
1000	
1000	
1000	
1000	
1000	
1000	
1000	
1000	
1000	
1000	
1000	
1000	
1000	
1000	
1000	
1000	
1000	
1000	
1000	
1000	
1000	
1000	
1000	
1000	
1000	
1000	
1000	
1000	
1000	
1000	
1000	
1000	
1000	
1000	
1000	
1000	
1000	
1000	
1000	
1000	
1000	
1000	
1000	
1000	
1000	
1000	
1000	
1000	
1000	
1000	
1000	
1000	
1000	
1000	
1000	
1000	
1000	
1000	
1000	
1000	
1000	
1000	
1000	
1000	
1000	
1000	
1000	
1000	
1000	
1000	
1000	
1000	
1000	
1000	
1000	
1000	
1000	
1000	
1000	
1000	
1000	
1000	
1000	
1000	
1000	
1000	
1000	
1000	
1000	
1000	
1000	
1000	
1000	
1000	
1000	
1000	
1000	
1000	
1000	
1000	
1000	
1000	
1000	
1000	
1000	
1000	
1000	
1000	
1000	
1000	
1000	
1000	
1000	
1000	
1000	
1000	
1000	
1000	
1000	
1000	
1000	
1000	
1000	
1000	
1000	
1000	
1000	
1000	
1000	
1000	
1000	
1000	
1000	
1000	
1000	
1000	
1000	
1000	
1000	
1000	
1000	
1000	
1000	
1000	
1000	
1000	
1000	
1000	
1000	
1000	
1000	
1000	
1000	
1000	
1000	
1000	
1000	
1000	
1000	
1000	
1000	
1000	
1000	
1000	
1000	
1000	
1000	
1000	
1000	
1000	
1000	
1000	
1000	
1000	
1000	
1000	
1000	
1000	
1000	
1000	
1000	
1000	
1000	
1000	
1000	
1000	
1000	
1000	
1000	
1000	
1000	
1000	
1000	
1000	
1000	
1000	
1000	
1000	
1000	
1000	
1000	
1000	
1000	
1000	
1000	
1000	
1000	
1000	
1000	
1000	
1000	
1000	
1000	
1000	
1000	
1000	
1000	
1000	
1000	
1000	
1000	
1000	
1000	
1000	
1000	
1000	
1000	
1000	
1000	
1000	
1000	
1000	
1000	
1000	
1000	
1000	
1000	
1000	
1000	
1000	
1000	
1000	
1000	
1000	
1000	
1000	
1000	
1000	
1000	
1000	
1000	
1000	
1000	
1000	
1000	
1000	
1000	
1000	
1000	
1000	
1000	
1000	
1000	
1000	
1000	
1000	
1000	
1000	
1000	
1000	
1000	
1000	
1000	
1000	
1000	
1000	
1000	
1000	
1000	
1000	
1000	
1000	
1000	
1000	
1000	
1000	
1000	
1000	
1000	
1000	
1000	
1000	
1000	
1000	
1000	
1000	
1000	
1000	
1000	
1000	
1000	
1000	
1000	
1000	
1000	
1000	
1000	
1000	
1000	
1000	
1000	
1000	
1000	
1000	
1000	
1000	
1000	
1000	
1000	
1000	
1000	
1000	
1000	
1000	
1000	
1000	
1000	
1000	
1000	
1000	
1000	
1000	
1000	
1000	
1000	
1000	
1000	
1000	
1000	
1000	
1000	
1000	
1000	
1000	
1000	
1000	
1000	
1000	
1000	
1000	
1000	
1000	
1000	
1000	
1000	
1000	
1000	
1000	
1000	
1000	
1000	
1000	
1000	
1000	
1000	
1000	
1000	
1000	
1000	
1000	
1000	
1000	
1000	
1000	
1000	
1000	
1000	
1000	
1000	
1000	
1000	
1000	
1000	
1000	
1000	
1000	
1000	
1000	
1000	
1000	
1000	
1000	
1000	
1000	
1000	
1000	
1000	
1000	
1000	
1000	
1000	
1000	
1000	
1000	
1000	
1000	
1000	
1000	
1000	
1000	
1000	
1000	
1000	
1000	
1000	
1000	
1000	
1000	
1000	
1000	
1000	
1000	
1000	
1000	
1000	
1000	
1000	
1000	
1000	
1000	
1000	
1000	
1000	
1000	
1000	
1000	
1000	
1000	
1000	
1000	
1000	
1000	
1000	
1000	
1000	
1000	
1000	
1000	
1000	
1000	
1000	
1000	
1000	
1000	
1000	
1000	
1000	
1000	
1000	
1000	
1000	
1000	
1000	
1000	
1000	
1000	
1000	
1000	
1000	
1000	
1000	
1000	
1000	
1000	
1000	
1000	
1000	
1000	
1000	
1000	
1000	
1000	
1000	
1000	
1000	
1000	
1000	
1000	
1000	
1000	
1000	
1000	
1000	
1000	
1000	
1000	
1000	
1000	
1000	
1000	
1000	
1000	
1000	
1000	
1000	
1000	
1000	
1000	
1000	
1000	
1000	
1000	
1000	
1000	
1000	
1000	
1000	
1000	
1000	
1000	
1000	
1000	
1000	
1000	
1000	
1000	
1000	
1000	
1000	
1000	
1000	
1000	
1000	
1000	
1000	
1000	
1000	
1000	
1000	
1000	
1000	
1000	
1000	
1000	
1000	
1000	
1000	
1000	
1000	
1000	
1000	
1000	
1000	
1000	
1000	
1000	
1000	
1000	
1000	
1000	
1000	
1000	
1000	
1000	
1000	
1000	
1000	
1000	
1000	
1000	
1000	
1000	
1000	
1000	
1000	
1000	
1000	
1000	
1000	
1000	
1000	
1000	
1000	
1000	
1000	
1000	
1000	
1000	
1000	
1000	
1000	
1000	
1000	
1000	
1000	
1000	
1000	
1000	
1000	
1000	
1000	
1000	
1000	
1000	
1000	
1000	
1000	
1000	
1000	
1000	
1000	
1000	
1000	
1000	
1000	
1000	
1000	
1000	
1000	
1000	
1000	
1000	
1000	
1000	
1000	
1000	
1000	
1000	
1000	
1000	
1000	
1000	
1000	
1000	
1000	
1000	
1000	
1000	
1000	
1000	
1000	
1000	
1000	
1000	
1000	
1000	
1000	
1000	
1000	
1000	
1000	
1000	
1000	
1000	
1000	
1000	
1000	
1000	
1000	
1000	
1000	
1000	
1000	
1000	
1000	
1000	
1000	
1000	
1000	
1000	
1000	
1000	
1000	
1000	
1000	
1000	
1000	
1000	
1000	
1000	
1000	
1000	
1000	
1000	
1000	
1000	
1000	
1000	
1000	
1000	
1000	
1000	
1000	
1000	
1000	
1000	
1000	
1000	
1000	
1000	
1000	
1000	
1000	
1000	
1000	
1000	
1000	
1000	
1000	
1000	
1000	
1000	
1000	
1000	
1000	
1000	
1000	
1000	
1000	
1000	
1000	
1000	
1000	
1000	
1000	
1000	
1000	
1000	
1000	
1000	
1000	
1000	
1000	
1000	
1000	
1000	
1000	
1000	
1000	
1000	
1000	
1000	
1000	
1000	
1000	
1000	
1000	
1000	
1000	
1000	
1000	
1000	
1000	
1000	
1000	
1000	
1000	
1000	
1000	
1000	
1000	
1000	
1000	
1000	
1000	
1000	
1000	
1000	
1000	
1000	
1000	
1000	
1000	
1000	
1000	
1000	
1000	
1000	
1000	
1000	
1000	
1000	
1000	
1000	
1000	
1000	
1000	
1000	
1000	
1000	
1000	
1000	
1000	
1000	
1000	
1000	
1000	
1000	
1000	
1000	
1000	
1000	
1000	
1000	
1000	
1000	
1000	
1000	
1000	
1000	
1000	
1000	
1000	
1000	
1000	
1000	
1000	
1000	
1000	
1000	
1000	
1000	
1000	
1000	
1000	
1000	
1000	
1000	
1000	
1000	
1000	
1000	
1000	
1000	
1000	
1000	
1000	
1000	
1000	
1000	
1000	
1000	
1000	
1000	
1000	
1000	
1000	
1000	
1000	
1000	
1000	
1000	
1000	
1000	
1000	
1000	
1000	
1000	
1000	
1000	
1000	
1000	
1000	
1000	
1000	
1000	
1000	
1000	
1000	
1000	
1000	
1000	
1000	
1000	
1000	
1000	
1000	
1000	
1000	
1000	
1000	
1000	
1000	
1000	
1000	
1000	
1000	
1000	
1000	
1000	
1000	
1000	
1000	
1000	
1000	
1000	
1000	
1000	
1000	
1000	
1000	
1000	
1000	
1000	
1000	
1000	
1000	
1000	
1000	
1000	
1000	
1000	
1000	
1000	
1000	
1000	
1000	
1000	
1000	
1000	
1000	
1000	
1000	
1000	
1000	
1000	
1000	
1000	
1000	
1000	
1000	
1000	
1000	
1000	
1000	
1000	
1000	
1000	
1000	
1000	
1000	
1000	
1000	
1000	
1000	
1000	
1000	
1000	
1000	
1000	
1000	
1000	
1000	
1000	
1000	
1000	
1000	
1000	
1000	
1000	
1000	
1000	
1000	
1000	
1000	
1000	
1000	
1000	
1000	
1000	
1000	
1000	
1000	
1000	
1000	
1000	
1000	
1000	
1000	
1000	
1000	
1000	
1000	
1000	
1000	
1000	
1000	
1000	
1000	
1000	
1000	
1000	
1000	
1000	
1000	
1000	
1000	
1000	
1000	
1000	
1000	
1000	
1000	
1000	
1000	
1000	
1000	
1000	
1000	
1000	
1000	
1000	
1000	
1000	
1000	
1000	
1000	
1000	
1000	
1000	
1000	
1000	
1000	
1000	
1000	
1000	
1000	
1000	
1000	
1000	
1000	
1000	
1000	
1000	
1000	
1000	
1000	
1000	
1000	
1000	
1000	
1000	
1000	
1000	
1000	
1000	
1000	
1000	
1000	
1000	
1000	
1000	
1000	
1000	
1000	
1000	
1000	
1000	
1000	
1000	
1000	
1000	
1000	
1000	
1000	
1000	
1000	
1000	
1000	
1000	
1000	
1000	
1000	
1000	
1000	
1000	
1000	
1000	
1000	
1000	
1000	
1000	
1000	
1000	
1000	
1000	
1000	
1000	
1000	
1000	
1000	
1000	
1000	
1000	
1000	
1000	
1000	
1000	
1000	
1000	
1000	
1000	
1000	
1000	
1000	
1000	
1000	
1000	
1000	
1000	
1000	
1000	
1000	
1000	
1000	
1000	
1000	
1000	
1000	
1000	
1000	
1000	
1000	
1000	
1000	
1000	
1000	
1000	
1000	
1000	
1000	
1000	
1000	
1000	
1000	
1000	
1000	
1000	
1000	
1000	
1000	
1000	
1000	
1000	
1000	
1000	
1000	
1000	
1000	
1000	
1000	
1000	
1000	
1000	
1000	
1000	
1000	
1000	
1000	
1000	
1000	
1000	
1000	
1000	
1000	
1000	
1000	
1000	
1000	
1000	
1000	
1000	
1000	
1000	
1000	
1000	
1000	
1000	
1000	
1000	
1000	
1000	
1000	
1000	
1000	
1000	
1000	
1000	
1000	
1000	
1000	
1000	
1000	
1000	
1000	
1000	
1000	
1000	
1000	
1000	
1000	
1000	
1000	
1000	
1000	
1000	
1000	
1000	
1000	
1000	
1000	
1000	
1000	
1000	
1000	
1000	
1000	
1000	
1000	
1000	
1000	
1000	
1000	
1000	
1000	
1000	
1000	
1000	
1000	
1000	
1000	
1000	
1000	
1000	
1000	
1000	
1000	
1000	
1000	
1000	
1000	
1000	
1000	
1000	
1000	
1000	
1000	
1000	
1000	
1000	
1000	
1000	
1000	
1000	
1000	
1000	
1000	
1000	
1000	
1000	
1000	
1000	
1000	
1000	
1000	
1000	
1000	
1000	
1000	
1000	
1000	
1000	
1000	
1000	
1000	
1000	
1000	
1000	
1000	
1000	
1000	
1000	
1000	
1000	
1000	
1000	
1000	
1000	
1000	
1000	
1000	
1000	
1000	
1000	
1000	
1000	
1000	
1000	
1000	
1000	
1000	
1000	
1000	
1000	
1000	
1000	
1000	
1000	
1000	
1000	
1000	
1000	
1000	
1000	
1000	
1000	
1000	
1000	
1000	
1000	
1000	
1000	
1000	
1000	
1000	
1000	
1000	
1000	
1000	
1000	
1000	
1000	
1000	
1000	
1000	
1000	
1000	
1000	
1000	
1000	
1000	
1000	
1000	
1000	
1000	
1000	
1000	
1000	
1000	
1000	
1000	
1000	
1000	
1000	
1000	
1000	
1000	
1000	
1000	
1000	
1000	
1000	
1000	
1000	
1000	
1000	
1000	
1000	
1000	
1000	
1000	
1000	
1000	
1000	
1000	
1000	
1000	
1000	
1000	
1000	
1000	
1000	
1000	
1000	
1000	
1000	
1000	
1000	
1000	
1000	
1000	
1000	
1000	
1000	
1000	
1000	
1000	
1000	
1000	
1000	
1000	
1000	
1000	
1000	
1000	
1000	
1000	
1000	
1000	
1000	
1000	
1000	
1000	
1000	
1000	
1000	
1000	
1000	
1000	
1000	
1000	
1000	
1000	
1000	
1000	
1000	
1000	
1000	
1000	
1000	
1000	
1000	
1000	
1000	
1000	
1000	
1000	
1000	
1000	
1000	
1000	
1000	
1000	
1000	
1000	
1000	
1000	
1000	
1000	
1000	
1000	
1000	
1000	
1000	
1000	
1000	
1000	
1000	
1000	
1000	
1000	
1000	
1000	
1000	
1000	
1000	
1000	
1000	
1000	
1000	
1000	
1000	
1000	
1000	
1000	
1000	
1000	
1000	
1000	
1000	
1000	
1000	
1000	
1000	
1000	
1000	
1000	
1000	
1000	
1000	
1000	
1000	
1000	
1000	
1000	
1000	
1000	
1000	
1000	
1000	
1000	
1000	
1000	
1000	
1000	
1000	
1000	
1000	
1000	
1000	
1000	
1000	
1000	
1000	
1000	
1000	
1000	
1000	
1000	
1000	
1000	
1000	
1000	
1000	
1000	
1000	
1000	
1000	
1000	
1000	
1000	
1000	
1000	
1000	
1000	
1000	
1000	
1000	
1000	
1000	
1000	
1000	
1000	
1000	
1000	
1000	
1000	
1000	
1000	
1000	
1000	
1000	
1000	
1000	
1000	
1000	
1000	
1000	
1000	
1000	
1000	
1000	
1000	
1000	
1000	
1000	
1000	
1000	
1000	
1000	
1000	
1000	
1000	
1000	
1000	
1000	
1000	
1000	
1000	
1000	
1000	
1000	
1000	
1000	
1000	
1000	
1000	
1000	
1000	
1000	
1000	
1000	
1000	
1000	
1000	
1000	
1000	
1000	
1000	
1000	
1000	
1000	
1000	
1000	
1000	
1000	
1000	
1000	
1000	
1000	
1000	
1000	
1000	
1000	
1000	
1000	
1000	
1000	
1000	
1000	
1000	
1000	
1000	
1000	
1000	
1000	
1000	
1000	
1000	
1000	
1000	
1000	
1000	
1000	
1000	
1000	
1000	
1000	
1000	
1000	
1000	
1000	
1000	
1000	
1000	
1000	
1000	
1000	
1000	
1000	
1000	
1000	
1000	
1000	
1000	
1000	
1000	
1000	
1000	
1000	
1000	
1000	
1000	
1000	
1000	
1000	
1000	
1000	
1000	
1000	
1000	
1000	
1000	
1000	
1000	
1000	
1000	
1000	
1000	
1000	
1000	
1000	
1000	
1000	
1000	
1000	
1000	
1000	
1000	
1000	
1000	
1000	
1000	
1000	
1000	
1000	
1000	
1000	
1000	
1000	
1000	
1000	
1000	
1000	
1000	
1000	
1000	
1000	
1000	
1000	
1000	
1000	
1000	
1000	
1000	
1000	
1000	
1000	
1000	
1000	
1000	
1000	
1000	
1000	
1000	
1000	
1000	
1000	
1000	
1000	
1000	
1000	
1000	
1000	
1000	
1000	
1000	
1000	
1000	
1000	
1000	
1000	
1000	
1000	
1000	
1000	
1000	
1000	
1000	
1000	
1000	
1000	
1000	
1000	
1000	
1000	
1000	
1000	
1000	
1000	
1000	
1000	
1000	
1000	
1000	
1000	
1000	
1000	
1000	
1000	
1000	
1000	
1000	
1000	
1000	
1000	
1000	
1000	
1000	
1000	
1000	
1000	
1000	
1000	
1000	
1000	
1000	
1000	
1000	
1000	
1000	
1000	
1000	
1000	
1000	
1000	
1000	
1000	
1000	
1000	
1000	
1000	
1000	
1000	
1000	
1000	
1000	
1000	
1000	
1000	
1000	
1000	
1000	
1000	
1000	
1000	
1000	
1000	
1000	
1000	
1000	
1000	
1000	
1000	
1000	
1000	
1000	
1000	
1000	
1000	
1000	
1000	
1000	
1000	
1000	
1000	
1000	
1000	
1000	
1000	
1000	
1000	
1000	
1000	
1000	
1000	
1000	
1000	
1000	
1000	
1000	
1000	
1000	
1000	
1000	
1000	
1000	
1000	
1000	
1000	
1000	
1000	
1000	
1000	
1000	
1000	
1000	
1000	
1000	
1000	
1000	
1000	
1000	
1000	
1000	
1000	
1000	
1000	
1000	
1000	
1000	
1000	
1000	
1000	
1000	
1000	
1000	
1000	
1000	
1000	
1000	
1000	
1000	
1000	
1000	
1000	
1000	
1000	
1000	
1000	
1000	
1000	
1000	
1000	
1000	
1000	
1000	
1000	
1000	
1000	
1000	
1000	
1000	
1000	
1000	
1000	
1000	
1000	
1000	
1000	
1000	
1000	
1000	
1000	
1000	
1000	
1000	
1000	
1000	
1000	
1000	
1000	
1000	
1000	
1000	
1000	
1000	
1000	
1000	
1000	
1000	
1000	
1000	
1000	
1000	
1000	
1000	
1000	
1000	
1000	
1000	
1000	
1000	
1000	
1000	
1000	
1000	
1000	
1000	
1000	
1000	
1000	
1000	
1000	
1000	
1000	
1000	
1000	
1000	
1000	
1000	
1000	
1000	
1000	
1000	
1000	
1000	
1000	
1000	
1000	
1000	
1000	
1000	
1000	
1000	
1000	
1000	
1000	
1000	
1000	
1000	
1000	
1000	
1000	
1000	
1000	
1000	
1000	
1000	
1000	
1000	
1000	
1000	
1000	
1000	
1000	
1000	
1000	
1000	
1000	
1000	
1000	
1000	
1000	
1000	
1000	
1000	
1000	
1000	
1000	
1000	
1000	
1000	
1000	
1000	
1000	
1000	
1000	
1000	
1000	
1000	
1000	
1000	
1000	
1000	
1000	
1000	
1000	
1000	
1000	
1000	
1000	
1000	
1000	
1000	
1000	
1000	
1000	
1000	
1000	
1000	
1000	
1000	
1000	
1000	
1000	
1000	
1000	
1000	
1000	
1000	
1000	
1000	
1000	
1000	
1000	
1000	
1000	
1000	
1000	
1000	
1000	
1000	
1000	
1000	
1000	
1000	
1000	
1000	
1000	
1000	
1000	
1000	
1000	
1000	
1000	
1000	
1000	
1000	
1000	
1000	
1000	
1000	
1000	
1000	
1000	
1000	
1000	
1000	
1000	
1000	
1000	
1000	
1000	
1000	
1000	
1000	
1000	
1000	
1000	
1000	
1000	
1000	
1000	
1000	
1000	
1000	
1000	
1000	
1000	
1000	
1000	
1000	
1000	
1000	
1000	
1000	
1000	
1000	
1000	
1000	
1000	
1000	
1000	
1000	
1000	
1000	
1000	
1000	
1000	
1000	
1000	
1000	
1000	
1000	
1000	
1000	
1000	
1000	
1000	
1000	
1000	
1000	
1000	
1000	
1000	
1000	
1000	
1000	
1000	
1000	
1000	
1000	
1000	
1000	
1000	
1000	
1000	
1000	
1000	
1000	
1000	
1000	
1000	
1000	
1000	
1000	
1000	
1000	
1000	
1000	
1000	
1000	
1000	
1000	
1000	
1000	
1000	
1000	
1000	
1000	
1000	
1000	
1000	
1000	
1000	
1000	
1000	
1000	
1000	
1000	
1000	
1000	
1000	
1000	
1000	
1000	
1000	
1000	
1000	
1000	
1000	
1000	
1000	
1000	
1000	
1000	
1000	
1000	
1000	
1000	
1000	
1000	
1000	
1000	
1000	
1000	
1000	
1000	
1000	
1000	
1000	
1000	
1000	
1000	
1000	
1000	
1000	
1000	
1000	
1000	
1000	
1000	
1000	
1000	
1000	
1000	
1000	
1000	
1000	
1000	
1000	
1000	
1000	
1000	
1000	
1000	
1000	
1000	
1000	
1000	
1000	
1000	
1000	
1000	
1000	
1000	
1000	
1000	
1000	
1000	
1000	
1000	
1000	
1000	
1000	
1000	
1000	
1000	
1000	
1000	
1000	
1000	
1000	
1000	
1000	
1000	
1000	
1000	
1000	
1000	
1000	
1000	
1000	
1000	
1000	
1000	
1000	
1000	
1000	
1000	
1000	
1000	
1000	
1000	
1000	
1000	
1000	
1000	
1000	
1000	
1000	
1000	
1000	
1000	
1000	
1000	
1000	
1000	
1000	
1000	
1000	
1000	
1000	
1000	
1000	
1000	
1000	
1000	
1000	
1000	
1000	
1000	
1000	
1000	
1000	
1000	
1000	
1000	
1000	
1000	
1000	
1000	
1000	
1000	
1000	
1000	
1000	
1000	
1000	
1000	
1000	
1000	
1000	
1000	
1000	
1000	
1000	
1000	
1000	
1000	
1000	
1000	
1000	
1000	
1000	
1000	
1000	
1000	
1000	
1000	
1000	
1000	
1000	
1000	
1000	
1000	
1000	
1000	
1000	
1000	
1000	
1000	
1000	
1000	
1000	
1000	
1000	
1000	
1000	
1000	
1000	
1000	
1000	
1000	
1000	
1000	
1000	
1000	
1000	
1000	
1000	
1000	
1000	
1000	
1000	
1000	
1000	
1000	
1000	
1000	
1000	
1000	
1000	
1000	
1000	
1000	
1000	
1000	
1000	
1000	
1000	
1000	
1000	
1000	
1000	
1000	
1000	
1000	
1000	
1000	
1000	
1000	
1000	
1000	
1000	
1000	
1000	
1000	
1000	
1000	
1000	
1000	
1000	
1000	
1000	
1000	
1000	
1000	
1000	
1000	
1000	
1000	
1000	
1000	
1000	
1000	
1000	
1000	
1000	
1000	
1000	
1000	
1000	
1000	
1000	
1000	
1000	
1000	
1000	
1000	
1000	
1000	
1000	
1000	
1000	
1000	
1000	
1000	
1000	
1000	
1000	
1000	
1000	
1000	
1000	
1000	
1000	
1000	
1000	
1000	
1000	
1000	
1000	
1000	
1000	
1000	
1000	
1000	
1000	
1000	
1000	
1000	
1000	
1000	
1000	
1000	
1000	
1000	
1000	
1000	
1000	
1000	
1000	
1000	
1000	
1000	
1000	
1000	
1000	
1000	
1000	
1000	
1000	
1000	
1000	
1000	
1000	
1000	
1000	
1000	
1000	
1000	
1000	
1000	
1000	
1000	
1000	
1000	
1000	
1000	
1000	
1000	
1000	
1000	
1000	
1000	
1000	
1000	
1000	
1000	
1000	
1000	
1000	
1000	
1000	
1000	
1000	
1000	
1000	
1000	
1000	
1000	
1000	
1000	
1000	
1000	
1000	
1000	
1000	
1000	
1000	
1000	
1000	
1000	
1000	
1000	
1000	
1000	
1000	
1000	
1000	
1000	
1000	
1000	
1000	
1000	
1000	
1000	
1000	
1000	
1000	
1000	
1000	
1000	
1000	
1000	
1000	
1000	
1000	
1000	
1000	
1000	
1000	
1000	
1000	
1000	
1000	
1000	
1000	
1000	
1000	
1000	
1000	
1000	
1000	
1000	
1000	
1000	
1000	
1000	
1000	
1000	
1000	
1000	
1000	
1000	
1000	
1000	
1000	
1000	
1000	
1000	
1000	
1000	
1000	
1000	
1000	
1000	
1000	
1000	
1000	
1000	
1000	
1000	
1000	
1000	
1000	
1000	
1000	
1000	
1000	
1000	
1000	
1000	
1000	
1000	
1000	
1000	
1000	
1000	
1000	
1000	
1000	
1000	
1000	
1000	
1000	
1000	
1000	
1000	
1000	
1000	
1000	
1000	
1000	
1000	
1000	
1000	
1000	
1000	
1000	
1000	
1000	
1000	
1000	
1000	
1000	
1000	
1000	
1000	
1000	
1000	
1000	
1000	
1000	
1000	
1000	
1000	
1000	
1000	
1000	
1000	
1000	
1000	
1000	
1000	
1000	
1000	
1000	
1000	
1000	
1000	
1000	
1000	
1000	
1000	
1000	
1000	
1000	
1000	
1000	
1000	
1000	
1000	
1000	
1000	
1000	
1000	
1000	
1000	
1000	
1000	
1000	
1000	
1000	
1000	
1000	
1000	
1000	
1000	
1000	
1000	
1000	
1000	
1000	
1000	
1000	
1000	
1000	
1000	
1000	
1000	
1000	
1000	
1000	
1000	
1000	
1000	
1000	
1000	
1000	
1000	
1000	
1000	
1000	
1000	
1000	
1000	
1000	
1000	
1000	
1000	
1000	
1000	
1000	
1000	
1000	
1000	
1000	
1000	
1000	
1000	
1000	
1000	
1000	
1000	
1000	
1000	
1000	
1000	
1000	
1000	
1000	
1000	
1000	
1000	
1000	
1000	
1000	
1000	
1000	
1000	
1000	
1000	
1000	
1000	
1000	
1000	
1000	
1000	
1000	
1000	
1000	
1000	
1000	
1000	
1000	
1000	
1000	
1000	
1000	
1000	
1000	
1000	
1000	
1000	
1000	
1000	
1000	
1000	
1000	
1000	
1000	
1000	
1000	
1000	
1000	
1000	
1000	
1000	
1000	
1000	
1000	
1000	
1000	
1000	
1000	
1000	
1000	
1000	
1000	
1000	
1000	
1000	
1000	
1000	
1000	
1000	
1000	
1000	
1000	
1000	
1000	
1000	
1000	
1000	
1000	
1000	
1000	
1000	
1000	
1000	
1000	
1000	
1000	
1000	
1000	
1000	
1000	
1000	
1000	
1000	
1000	
1000	
1000	
1000	
1000	
1000	
1000	
1000	
1000	
1000	
1000	
1000	
1000	
1000	
1000	
1000	
1000	
1000	
1000	
1000	
1000	
1000	
1000	
1000	
1000	
1000	
1000	
1000	
1000	
1000	
1000	
1000	
1000	
1000	
1000	
1000	
1000	
1000	
1000	
1000	
1000	
1000	
1000	
1000	
1000	
1000	
1000	
1000	
1000	
1000	
1000	
1000	
1000	
1000	
1000	
1000	
1000	
1000	
1000	
1000	
1000	
1000	
1000	
1000	
1000	
1000	
1000	
1000	
1000	
1000	
1000	
1000	
1000	
1000	
1000	
1000	
1000	
1000	
1000	
1000	
1000	
1000	
1000	
1000	
1000	
1000	
1000	
1000	
1000	
1000	
1000	
1000	
1000	
1000	
1000	
1000	
1000	
1000	
1000	
1000	
1000	
1000	
1000	
1000	
1000	
1000	
1000	
1000	
1000	
1000	
1000	
1000	
1000	
1000	
1000	
1000	
1000	
1000	
1000	
1000	
1000	
1000	
1000	
1000	
1000	
1000	
1000	
1000	
1000	
1000	
1000	
1000	
1000	
1000	
1000	
1000	
1000	
1000	
1000	
1000	
1000	
1000	
1000	
1000	
1000	
1000	
1000	
1000	
1000	
1000	
1000	
1000	
1000	
1000	
1000	
1000	
1000	
1000	
1000	
1000	
1000	
1000	
1000	
1000	
1000	
1000	
1000	
1000	
1000	
1000	
1000	
1000	
1000	
1000	
1000	
1000	
1000	
1000	
1000	
1000	
1000	
1000	
1000	
1000	
1000	
1000	
1000	
1000	
1000	
1000	
1000	
1000	
1000	
1000	
1000	
1000	
1000	
1000	
1000	
1000	
1000	
1000	
1000	
1000	
1000	
1000	
1000	
1000	
1000	
1000	
1000	
1000	
1000	
1000	
1000	
1000	
1000	
1000	
1000	
1000	
1000	
1000	
1000	
1000	
1000	
1000	
1000	
1000	
1000	
1000	
1000	
1000	
1000	
1000	
1000	
1000	
1000	
1000	
1000	
1000	
1000	
1000	
1000	
1000	
1000	
1000	
1000	
1000	
1000	
1000	
1000	
1000	
1000	
1000	
1000	
1000	
1000	
1000	
1000	
1000	
1000	
1000	
1000	
1000	
1000	
1000	
1000	
1000	
1000	
1000	
1000	
1000	
1000	
1000	
1000	
1000	
1000	
1000	
1000	
1000	
1000	
1000	
1000	
1000	
1000	
1000	
1000	
1000	
1000	
1000	
1000	
1000	
1000	
1000	
1000	
1000	
1000	
1000	
1000	
1000	
1000	
1000	
1000	
1000	
1000	
1000	
1000	
1000	
1000	
1000	
1000	
1000	
1000	
1000	
1000	
1000	
1000	
1000	
1000	
1000	
1000	
1000	
1000	
1000	
1000	
1000	
1000	
1000	
1000	
1000	
1000	
1000	
1000	
1000	
1000	
1000	
1000	
1000	
1000	
1000	
1000	
1000	
1000	
1000	
1000	
1000	
1000	
1000	
1000	
1000	
1000	
1000	
1000	
1000	
1000	
1000	
1000	
1000	
1000	
1000	
1000	
1000	
1000	
1000	
1000	
1000	
1000	
1000	
1000	
1000	
1000	
1000	
1000	
1000	
1000	
1000	
1000	
1000	
1000	
1000	
1000	
1000	
1000	
1000	
1000	
1000	
1000	
1000	
1000	
1000	
1000	
1000	
1000	
1000	
1000	
1000	
1000	
1000	
1000	
1000	
1000	
1000	
1000	
1000	
1000	
1000	
1000	
1000	
1000	
1000	
1000	
1000	
1000	
1000	
1000	
1000	
1000	
1000	
1000	
1000	
1000	
1000	
1000	
1000	
1000	
1000	
1000	
1000	
1000	
1000	
1000	
1000	
1000	
1000	
1000	
1000	
1000	
1000	
1000	
1000	
1000	
1000	
1000	
1000	
1000	
1000	
1000	
1000	
1000	
1000	
1000	
1000	
1000	
1000	
1000	
1000	
1000	
1000	
1000	
1000	
1000	
1000	
1000	
1000	
1000	
1000	
1000	
1000	
1000	
1000	
1000	
1000	
1000	
1000	
1000	
1000	
1000	
1000	
1000	
1000	
1000	
1000	
1000	
1000	
1000	
1000	
1000	
1000	
1000	
1000	
1000	
1000	
1000	
1000	
1000	
1000	
1000	
1000	
1000	
1000	
1000	
1000	
1000	
1000	
1000	
1000	
1000	
1000	
1000	
1000	
1000	
1000	
1000	
1000	
1000	
1000	
1000	
1000	
1000	
1000	
1000	
1000	
1000	
1000	
1000	
1000	
1000	
1000	
1000	
1000	
1000	
1000	
1000	
1000	
1000	
1000	
1000	
1000	
1000	
1000	
1000	
1000	
1000	
1000	
1000	
1000	
1000	
1000	
1000	
1000	
1000	
1000	
1000	
1000	
1000	
1000	
1000	
1000	
1000	
1000	
1000	
1000	
1000	
1000	
1000	
1000	
1000	
1000	
1000	
1000	
1000	
1000	
1000	
1000	
1000	
1000	
1000	
1000	
1000	
1000	
1000	
1000	
1000	
1000	
1000	
1000	
1000	
1000	
1000	
1000	
1000	
1000	
1000	
1000	
1000	
1000	
1000	
1000	
1000	
1000	
1000	
1000	
1000	
1000	
1000	
1000	
1000	
1000	
1000	
1000	
1000	
1000	
1000	
1000	
1000	
1000	
1000	
1000	
1000	
1000	
1000	
1000	
1000	
1000	
1000	
1000	
1000	
1000	
1000	
1000	
1000	
1000	
1000	
1000	
1000	
1000	
1000	
1000	
1000	
1000	
1000	
1000	
1000	
1000	
1000	
1000	
1000	
1000	
1000	
1000	
1000	
1000	
1000	
1000	
1000	
1000	
1000	
1000	
1000	
1000	
1000	
1000	
1000	
1000	
1000	
1000	
1000	
1000	
1000	
1000	
1000	
1000	
1000	
1000	
1000	
1000	
1000	
1000	
1000	
1000	
1000	
1000	
1000	
1000	
1000	
1000	
1000	
1000	
1000	
1000	
1000	
1000	
1000	
1000	
1000	
1000	
1000	
1000	
1000	
1000	
1000	
1000	
1000	
1000	
1000	
1000	
1000	
1000	
1000	
1000	
1000	
1000	
1000	
1000	
1000	
1000	
1000	
1000	
1000	
1000	
1000	
1000	
1000	
1000	
1000	
1000	
1000	
1000	
1000	
1000	
1000	
1000	
1000	
1000	
1000	
1000	
1000	
1000	
1000	
1000	
1000	
1000	
1000	
1000	
1000	
1000	
1000	
1000	
1000	
1000	
1000	
1000	
1000	
1000	
1000	
1000	
1000	
1000	
1000	
1000	
1000	
1000	
1000	
1000	
1000	
1000	
1000	
1000	
1000	
1000	
1000	
1000	
1000	
1000	
1000	
1000	
1000	
1000	
1000	
1000	
1000	
1000	
1000	
1000	
1000	
1000	
1000	
1000	
1000	
1000	
1000	
1000	
1000	
1000	
1000	
1000	
1000	
1000	
1000	
1000	
1000	
1000	
1000	
1000	
1000	
1000	
1000	
1000	
1000	
1000	
1000	
1000	
1000	
1000	
1000	
1000	
1000	
1000	
1000	
1000	
1000	
1000	
1000	
1000	
1000	
1000	
1000	
1000	
1000	
1000	
1000	
1000	
1000	
1000	
1000	
1000	
1000	
1000	
1000	
1000	
1000	
1000	
1000	
1000	
1000	
1000	
1000	
1000	
1000	
1000	
1000	
1000	
1000	
1000	
1000	
1000	
1000	
1000	
1000	
1000	
1000	
1000	
1000	
1000	
1000	
1000	
1000	
1000	
1000	
1000	
1000	
1000	
1000	
1000	
1000	
1000	
1000	
1000	
1000	
1000	
1000	
1000	
1000	
1000	
1000	
1000	
1000	
1000	
1000	
1000	
1000	
1000	
1000	
1000	
1000	
1000	
1000	
1000	
1000	
1000	
1000	
1000	
1000	
1000	
1000	
1000	
1000	
1000	
1000	
1000	
1000	
1000	
1000	
1000	
1000	
1000	
1000	
1000	
1000	
1000	
1000	
1000	
1000	
1000	
1000	
1000	
1000	
1000	
1000	
1000	
1000	
1000	
1000	
1000	
1000	
1000	
1000	
1000	
1000	
1000	
1000	
1000	
1000	
1000	
1000	
1000	
1000	
1000	
1000	
1000	
1000	
1000	
1000	
1000	
1000	
1000	
1000	
1000	
1000	
1000	
1000	
1000	
1000	
1000	
1000	
1000	
1000	
1000	
1000	
1000	
1000	
1000	
1000	
1000	
1000	
1000	
1000	
1000	
1000	
1000	
1000	
1000	
1000	
1000	
1000	
1000	
1000	
1000	
1000	
1000	
1000	
1000	
1000	
1000	
1000	
1000	
1000	
1000	
1000	
1000	
1000	
1000	
1000	
1000	
1000	
1000	
1000	
1000	
1000	
1000	
1000	
1000	
1000	
1000	
1000	
1000	
1000	
1000	
1000	
1000	
1000	
1000	
1000	
1000	
1000	
1000	
1000	
1000	
1000	
1000	
1000	
1000	
1000	
1000	
1000	
1000	
1000	
1000	
1000	
1000	
1000	
1000	
1000	
1000	
1000	
1000	
1000	
1000	
1000	
1000	
1000	
1000	
1000	
1000	
1000	
1000	
1000	
1000	
1000	
1000	
1000	
1000	
1000	
1000	
1000	
1000	
1000	
1000	
1000	
1000	
1000	
1000	
1000	
1000	
1000	
1000	
1000	
1000	
1000	
1000	
1000	
1000	
1000	
1000	
1000	
1000	
1000	
1000	
1000	
1000	
1000	
1000	
1000	
1000	
1000	
1000	
1000	
1000	
1000	
1000	
1000	
1000	
1000	
1000	
1000	
1000	
1000	
1000	
1000	
1000	
1000	
1000	
1000	
1000	
1000	
1000	
1000	
1000	
1000	
1000	
1000	
1000	
1000	
1000	
1000	
1000	
1000	
1000	
1000	
1000	
1000	
1000	
1000	
1000	
1000	
1000	
1000	
1000	
1000	
1000	
1000	
1000	
1000	
1000	
1000	
1000	
1000	
1000	
1000	
1000	
1000	
1000	
1000	
1000	
1000	
1000	
1000	
1000	
1000	
1000	
1000	
1000	
1000	
1000	
1000	
1000	
1000	
1000	
1000	
1000	
1000	
1000	
1000	
1000	
1000	
1000	
1000	
1000	
1000	
1000	
1000	
1000	
1000	
1000	
1000	
1000	
1000	
1000	
1000	
1000	
1000	
1000	
1000	
1000	
1000	
1000	
1000	
1000	
1000	
1000	
1000	
1000	
1000	
1000	
1000	
1000	
1000	
1000	
1000	
1000	
1000	
1000	
1000	
1000	
1000	
1000	
1000	
1000	
1000	
1000	
1000	
1000	
1000	
1000	
1000	
1000	
1000	
1000	
1000	
1000	
1000	
1000	
1000	
1000	
1000	
1000	
1000	
1000	
1000	
1000	
1000	
1000	
1000	
1000	
1000	
1000	
1000	
1000	
1000	
1000	
1000	
1000	
1000	
1000	
1000	
1000	
1000	
1000	
1000	
1000	
1000	
1000	
1000	
1000	
1000	
1000	
1000	
1000	
1000	
1000	
1000	
1000	
1000	
1000	
1000	
1000	
1000	
1000	
1000	
1000	
1000	
1000	
1000	
1000	
1000	
1000	
1000	
1000	
1000	
1000	
1000	
1000	
1000	
1000	
1000	
1000	
1000	
1000	
1000	
1000	
1000	
1000	
1000	
1000	
1000	
1000	
1000	
1000	
1000	
1000	
1000	
1000	
1000	
1000	
1000	
1000	
1000	
1000	
1000	
1000	
1000	
1000	
1000	
1000	
1000	
1000	
1000	
1000	
1000	
1000	
1000	
1000	
1000	
1000	
1000	
1000	
1000	
1000	
1000	
1000	
1000	
1000	
1000	
1000	
1000	
1000	
1000	
1000	
1000	
1000	
1000	
1000	
1000	
1000	
1000	
1000	
1000	
1000	
1000	
1000	
1000	
1000	
1000	
1000	
1000	
1000	
1000	
1000	
1000	
1000	
1000	
1000	
1000	
1000	
1000	
1000	
1000	
1000	
1000	
1000	
1000	
1000	
1000	
1000	
1000	
1000	
1000	
1000	
1000	
1000	
1000	
1000	
1000	
1000	
1000	
1000	
1000	
1000	
1000	
1000	
1000	
1000	
1000	
1000	
1000	
1000	
1000	
1000	
1000	
1000	
1000	
1000	
1000	
1000	
1000	
1000	
1000	
1000	
1000	
1000	
1000	
1000	
1000	
1000	
1000	
1000	
1000	
1000	
1000	
1000	
1000	
1000	
1000	
1000	
1000	
1000	
1000	
1000	
1000	
1000	
1000	
1000	
1000	
1000	
1000	
1000	
1000	
1000	
1000	
1000	
1000	
1000	
1000	
1000	
1000	
1000	
1000	
1000	
1000	
1000	
1000	
1000	
1000	
1000	
1000	
1000	
1000	
1000	
1000	
1000	
1000	
1000	
1000	
1000	
1000	
1000	
1000	
1000	
1000	
1000	
1000	
1000	
1000	
1000	
1000	
1000	
1000	
1000	
1000	
1000	
1000	
1000	
1000	
1000	
1000	
1000	
1000	
1000	
1000	
1000	
1000	
1000	
1000	
1000	
1000	
1000	
1000	
1000	
1000	
1000	
1000	
1000	
1000	
1000	
1000	
1000	
1000	
1000	
1000	
1000	
1000	
1000	
1000	
1000	
1000	
1000	
1000	
1000	
1000	
1000	
1000	
1000	
1000	
1000	
1000	
1000	
1000	
1000	
1000	
1000	
1000	
1000	
1000	
1000	
1000	
1000	
1000	
1000	
1000	
1000	
1000	
1000	
1000	
1000	
1000	
1000	
1000	
1000	
1000	
1000	
1000	
1000	
1000	
1000	
1000	
1000	
1000	
1000	
1000	
1000	
1000	
1000	
1000	
1000	
1000	
1000	
1000	
1000	
1000	
1000	
1000	
1000	
1000	
1000	
1000	
1000	
1000	
1000	
1000	
1000	
1000	
1000	
1000	
1000	
1000	
1000	
1000	
1000	
1000	
1000	
1000	
1000	
1000	
1000	
1000	
1000	
1000	
1000	
1000	
1000	
1000	
1000	
1000	
1000	
1000	
1000	
1000	
1000	
1000	
1000	
1000	
1000	
1000	
1000	
1000	
1000	
1000	
1000	
1000	
1000	
1000	
1000	
1000	
1000	
1000	
1000	
1000	
1000	
1000	
1000	
1000	
1000	
1000	
1000	
1000	
1000	
1000	
1000	
1000	
1000	
1000	
1000	
1000	
1000	
1000	
1000	
1000	
1000	
1000	
1000	
1000	
1000	
1000	
1000	
1000	
1000	
1000	
1000	
1000	
1000	
1000	
1000	
1000	
1000	
1000	
1000	
1000	
1000	
1000	
1000	
1000	
1000	
1000	
1000	
1000	
1000	
1000	
1000	
1000	
1000	
1000	
1000	
1000	
1000	
1000	
1000	
1000	
1000	
1000	
1000	
1000	
1000	
1000	
1000	
1000	
1000	
1000	
1000	
1000	
1000	
1000	
1000	
1000	
1000	
1000	
1000	
1000	
1000	
1000	
1000	
1000	
1000	
1000	
1000	
1000	
1000	
1000	
1000	
1000	
1000	
1000	
1000	
1000	
1000	
1000	
1000	
1000	
1000	
1000	
1000	
1000	
1000	
1000	
1000	
1000	
1000	
1000	
1000	
1000	
1000	
1000	
1000	
1000	
1000	
1000	
1000	
1000	
1000	
1000	
1000	
1000	
1000	
1000	
1000	
1000	
1000	
1000	
1000	
1000	
1000	
1000	
1000	
1000	
1000	
1000	
1000	
1000	
1000	
1000	
1000	
1000	
1000	
1000	
1000	
1000	
1000	
1000	
1000	
1000	
1000	
1000	
1000	
1000	
1000	
1000	
1000	
1000	
1000	
1000	
1000	
1000	
1000	
1000	
1000	
1000	
1000	
1000	
1000	
1000	
1000	
1000	
1000	
1000	
1000	
1000	
1000	
1000	
1000	
1000	
1000	
1000	
1000	
1000	
1000	
1000	
1000	
1000	
1000	
1000	
1000	
1000	
1000	
1000	
1000	
1000	
1000	
1000	
1000	
1000	
1000	
1000	
1000	
1000	
1000	
1000	
1000	
1000	
1000	
1000	
1000	
1000	
1000	
1000	
1000	
1000	
1000	
1000	
1000	
1000	
1000	
1000	
1000	
1000	
1000	
1000	
1000	
1000	
1000	
1000	
1000	
1000	
1000	
1000	
1000	
1000	
1000	
1000	
1000	
1000	
1000	
1000	
1000	
1000	
1000	
1000	
1000	
1000	
1000	
1000	
1000	
1000	
1000	
1000	
1000	
1000	
1000	
1000	
1000	
1000	
1000	
1000	
1000	
1000	
1000	
1000	
1000	
1000	
1000	
1000	
1000	
1000	
1000	
1000	
1000	
1000	
1000	
1000	
1000	
1000	
1000	
1000	
1000	
1000	
1000	
1000	
1000	
1000	
1000	
1000	
1000	
1000	
1000	
1000	
1000	
1000	
1000	
1000	
1000	
1000	
1000	
1000	
1000	
1000	
1000	
1000	
1000	
1000	
1000	
1000	
1000	
1000	
1000	
1000	
1000	
1000	
1000	
1000	
1000	
1000	
1000	
1000	
1000	
1000	
1000	
1000	
1000	
1000	
1000	
1000	
1000	
1000	
1000	
1000	
1000	
1000	
1000	
1000	
1000	
1000	
1000	
1000	
1000	
1000	
1000	
1000	
1000	
1000	
1000	
1000	
1000	
1000	
1000	
1000	
1000	
1000	
1000	
1000	
1000	
1000	
1000	
1000	
1000	
1000	
1000	
1000	
1000	
1000	
1000	
1000	
1000	
1000	
1000	
1000	
1000	
1000	
1000	
1000	
1000	
1000	
1000	
1000	
1000	
1000	
1000	
1000	
1000	
1000	
1000	
1000	
1000	
1000	
1000	
1000	
1000	
1000	
1000	
1000	
1000	
1000	
1000	
1000	
1000	
1000	
1000	
1000	
1000	
1000	
1000	
1000	
1000	
1000	
1000	
1000	
1000	
1000	
1000	
1000	
1000	
1000	
1000	
1000	
1000	
1000	
1000	
1000	
1000	
1000	
1000	
1000	
1000	
1000	
1000	
1000	
1000	
1000	
1000	
1000	
1000	
1000	
1000	
1000	
1000	
1000	
1000	
1000	
1000	
1000	
1000	
1000	
1000	
1000	
1000	
1000	
1000	
1000	
1000	
1000	
1000	
1000	
1000	
1000	
1000	
1000	
1000	
1000	
1000	
1000	
1000	
1000	
1000	
1000	
1000	
1000	
1000	
1000	
1000	
1000	
1000	
1000	
1000	
1000	
1000	
1000	
1000	
1000	
1000	
1000	
1000	
1000	
1000	
1000	
1000	
1000	
1000	
1000	
1000	
1000	
1000	
1000	
1000	
1000	
1000	
1000	
1000	
1000	
1000	
1000	
1000	
1000	
1000	
1000	
1000	
1000	
1000	
1000	
1000	
1000	
1000	
1000	
1000	
1000	
1000	
1000	
1000	
1000	
1000	
1000	
1000	
1000	
1000	
1000	
1000	
1000	
1000	
1000	
1000	
1000	
1000	
1000	
1000	
1000	
1000	
1000	
1000	
1000	
1000	
1000	
1000	
1000	
1000	
1000	
1000	
1000	
1000	
1000	
1000	
1000	
1000	
1000	
1000	
1000	
1000	
1000	
1000	
1000	
1000	
1000	
1000	
1000	
1000	
1000	
1000	
1000	
1000	
1000	
1000	
1000	
1000	
1000	
1000	
1000	
1000	
1000	
1000	
1000	
1000	
1000	
1000	
1000	
1000	
1000	
1000	
1000	
1000	
1000	
1000	
1000	
1000	
1000	
1000	
1000	
1000	
1000	
1000	
1000	
1000	
1000	
1000	
1000	
1000	
1000	
1000	
1000	
1000	
1000	
1000	
1000	
1000	
1000	
1000	
1000	
1000	
1000	
1000	
1000	
1000	
1000	
1000	
1000	
1000	
1000	
1000	
1000	
1000	
1000	
1000	
1000	
1000	
1000	
1000	
1000	
1000	
1000	
1000	
1000	
1000	
1000	
1000	
1000	
1000	
1000	
1000	
1000	
1000	
1000	
1000	
1000	
1000	
1000	
1000	
1000	
1000	
1000	
1000	
1000	
1000	
1000	
1000	
1000	
1000	
1000	
1000	
1000	
1000	
1000	
1000	
1000	
1000	
1000	
1000	
1000	
1000	
1000	
1000	
1000	
1000	
1000	
1000	
1000	
1000	
1000	
1000	
1000	
1000	
1000	
1000	
1000	
1000	
1000	
1000	
1000	
1000	
1000	
1000	
1000	
1000	
1000	
1000	
1000	
1000	
1000	
1000	
1000	
1000	
1000	
1000	
1000	
1000	
1000	
1000	
1000	
1000	
1000	
1000	
1000	
1000	
1000	
1000	
1000	
1000	
1000	
1000	
1000	
1000	
1000	
1000	
1000	
1000	
1000	
1000	
1000	
1000	
1000	
1000	
1000	
1000	
1000	
1000	
1000	
1000	
1000	
1000	
1000	
1000	
1000	
1000	
1000	
1000	
1000	
1000	
1000	
1000	
1000	
1000	
1000	
1000	
1000	
1000	
1000	
1000	
1000	
1000	
1000	
1000	
1000	
1000	
1000	
1000	
1000	
1000	
1000	
1000	
1000	
1000	
1000	
1000	
1000	
1000	
1000	
1000	
1000	
1000	
1000	
1000	
1000	
1000	
1000	
1000	
1000	
1000	
1000	
1000	
1000	
1000	
1000	
1000	
1000	
1000	
1000	
1000	
1000	
1000	
1000	
1000	
1000	
1000	
1000	
1000	
1000	
1000	
1000	
1000	
1000	
1000	
1000	
1000	
1000	
1000	
1000	
1000	
1000	
1000	
1000	
1000	
1000	
1000	
1000	
1000	
1000	
1000	
1000	
1000	
1000	
1000	
1000	
1000	
1000	
1000	
1000	
1000	
1000	
1000	
1000	
1000	
1000	
1000	
1000	
1000	
1000	
1000	
1000	
1000	
1000	
1000	
1000	
1000	
1000	
1000	
1000	
1000	
1000	
1000	
1000	
1000	
1000	
1000	
1000	
1000	
1000	
1000	
1000	
1000	
1000	
1000	
1000	
1000	
1000	
1000	
1000	
1000	
1000	
1000	
1000	
1000	
1000	
1000	
1000	
1000	
1000	
1000	
1000	
1000	
1000	
1000	
1000	
1000	
1000	
1000	
1000	
1000	
1000	
1000	
1000	
1000	
1000	
1000	
1000	
1000	
1000	
1000	
1000	
1000	
1000	
1000	
1000	
1000	
1000	
1000	
1000	
1000	
1000	
1000	
1000	
1000	
1000	
1000	
1000	
1000	
1000	
1000	
1000	
1000	
1000	
1000	
1000	
1000	
1000	
1000	
1000	
1000	
1000	
1000	
1000	
1000	
1000	
1000	
1000	
1000	
1000	
1000	
1000	
1000	
1000	
1000	
1000	
1000	
1000	
1000	
1000	
1000	
1000	
1000	
1000	
1000	
1000	
1000	
1000	
1000	
1000	
1000	
1000	
1000	
1000	
1000	
1000	
1000	
1000	
1000	
1000	
1000	
1000	
1000	
1000	
1000	
1000	
1000	
1000	
1000	
1000	
1000	
1000	
1000	
1000	
1000	
1000	
1000	
1000	
1000	
1000	
1000	
1000	
1000	
1000	
1000	
1000	
1000	
1000	
1000	
1000	
1000	
1000	
1000	
1000	
1000	
1000	
1000	
1000	
1000	
1000	
1000	
1000	
1000	
1000	
1000	
1000	
1000	
1000	
1000	
1000	
1000	
1000	
1000	
1000	
1000	
1000	
1000	
1000	
1000	
1000	
1000	
1000	
1000	
1000	
1000	
1000	
1000	
1000	
1000	
1000	
1000	
1000	
1000	
1000	
1000	
1000	
1000	
1000	
1000	
1000	
1000	
1000	
1000	
1000	
1000	
1000	
1000	
1000	
1000	
1000	
1000	
1000	
1000	
1000	
1000	
1000	
1000	
1000	
1000	
1000	
1000	
1000	
1000	
1000	
1000	
1000	
1000	
1000	
1000	
1000	
1000	
1000	
1000	
1000	
1000	
1000	
1000	
1000	
1000	
1000	
1000	
1000	
1000	
1000	
1000	
1000	
1000	
1000	
1000	
1000	
1000	
1000	
1000	
1000	
1000	
1000	
1000	
1000	
1000	
1000	
1000	
1000	
1000	
1000	
1000	
1000	
1000	
1000	
1000	
1000	
1000	
1000	
1000	
1000	
1000	
1000	
1000	
1000	
1000	
1000	
1000	
1000	
1000	
1000	
1000	
1000	
1000	
1000	
1000	
1000	
1000	
1000	
1000	
1000	
1000	
1000	
1000	
1000	
1000	
1000	
1000	
1000	
1000	
1000	
1000	
1000	
1000	
1000	
1000	
1000	
1000	
1000	
1000	
1000	
1000	
1000	
1000	
1000	
1000	
1000	
1000	
1000	
1000	
1000	
1000	
1000	
1000	
1000	
1000	
1000	
1000	
1000	
1000	
1000	
1000	
1000	
1000	
1000	
1000	
1000	
1000	
1000	
1000	
1000	
1000	
1000	
1000	
1000	
1000	
1000	
1000	
1000	
1000	
1000	
1000	
1000	
1000	
1000	
1000	
1000	
1000	
1000	
1000	
1000	
1000	
1000	
1000	
1000	
1000	
1000	
1000	
1000	
1000	
1000	
1000	
1000	
1000	
1000	
1000	
1000	
1000	
1000	
1000	
1000	
1000	
1000	
1000	
1000	
1000	
1000	
1000	
1000	
1000	
1000	
1000	
1000	
1000	
1000	
1000	
1000	
1000	
1000	
1000	
1000	
1000	
1000	
1000	
1000	
1000	
1000	
1000	
1000	
1000	
1000	
1000	
1000	
1000	
1000	
1000	
1000	
1000	
1000	
1000	
1000	
1000	
1000	
1000	
1000	
1000	
1000	
1000	
1000	
1000	
1000	
1000	
1000	
1000	
1000	
1000	
1000	
1000	
1000	
1000	
1000	
1000	
1000	
1000	
1000	
1000	
1000	
1000	
1000	
1000	
1000	
1000	
1000	
1000	
1000	
1000	
1000	
1000	
1000	
1000	
1000	
1000	
1000	
1000	
1000	
1000	
1000	
1000	
1000	
1000	
1000	
1000	
1000	
1000	
1000	
1000	
1000	
1000	
1000	
1000	
1000	
1000	
1000	
1000	
1000	
1000	
1000	
1000	
1000	
1000	
1000	
1000	
1000	
1000	
1000	
1000	
1000	
1000	
1000	
1000	
1000	
1000	
1000	
1000	
1000	
1000	
1000	
1000	
1000	
1000	
1000	
1000	
1000	
1000	
1000	
1000	
1000	
1000	
1000	
1000	
1000	
1000	
1000	
1000	
1000	
1000	
1000	
1000	
1000	
1000	
1000	
1000	
1000	
1000	
1000	
1000	
1000	
1000	
1000	
1000	
1000	
1000	
1000	
1000	
1000	
1000	
1000	
1000	
1000	
1000	
1000	
1000	
1000	
1000	
1000	
1000	
1000	
1000	
1000	
1000	
1000	
1000	
1000	
1000	
1000	
1000	
1000	
1000	
1000	
1000	
1000	
1000	
1000	
1000	
1000	
1000	
1000	
1000	
1000	
1000	
1000	
1000	
1000	
1000	
1000	
1000	
1000	
1000	
1000	
1000	
1000	
1000	
1000	
1000	
1000	
1000	
1000	
1000	
1000	
1000	
1000	
1000	
1000	
1000	
1000	
1000	
1000	
1000	
1000	
1000	
1000	
1000	
1000	
1000	
1000	
1000	
1000	
1000	
1000	
1000	
1000	
1000	
1000	
1000	
1000	
1000	
1000	
1000	
1000	
1000	
1000	
1000	
1000	
1000	
1000	
1000	
1000	
1000	
1000	
1000	
1000	
1000	
1000	
1000	
1000	
1000	
1000	
1000	
1000	
1000	
1000	
1000	
1000	
1000	
1000	
1000	
1000	
1000	
1000	
1000	
1000	
1000	
1000	
1000	
1000	
1000	
1000	
1000	
1000	
1000	
1000	
1000	
1000	
1000	
1000	
1000	
1000	
1000	
1000	
1000	
1000	
1000	
1000	
1000	
1000	
1000	
1000	
1000	
1000	
1000	
1000	
1000	
1000	
1000	
1000	
1000	
1000	
1000	
1000	
1000	
1000	
1000	
1000	
1000	
1000	
1000	
1000	
1000	
1000	
1000	
1000	
1000	
1000	
1000	
1000	
1000	
1000	
1000	
1000	
1000	
1000	
1000	
1000	
1000	
1000	
1000	
1000	
1000	
1000	
1000	
1000	
1000	
1000	
1000	
1000	
1000	
1000	
1000	
1000	
1000	
1000	
1000	
1000	
1000	
1000	
1000	
1000	
1000	
1000	
1000	
1000	
1000	
1000	
1000	
1000	
1000	
1000	
1000	
1000	
1000	
1000	
1000	
1000	
1000	
1000	
1000	
1000	
1000	
1000	
1000	
1000	
1000	
1000	
1000	
1000	
1000	
1000	
1000	
1000	
1000	
1000	
1000	
1000	
1000	
1000	
1000	
1000	
1000	
1000	
1000	
1000	
1000	
1000	
1000	
1000	
1000	
1000	
1000	
1000	
1000	
1000	
1000	
1000	
1000	
1000	
1000	
1000	
1000	
1000	
1000	
1000	
1000	
1000	
1000	
1000	
1000	
1000	
1000	
1000	
1000	
1000	
1000	
1000	
1000	
1000	
1000	
1000	
1000	
1000	
1000	
1000	
1000	
1000	
1000	
1000	
1000	
1000	
1000	
1000	
1000	
1000	
1000	
1000	
1000	
1000	
1000	
1000	
1000	
1000	
1000	
1000	
1000	
1000	
1000	
1000	
1000	
1000	
1000	
1000	
1000	
1000	
1000	
1000	
1000	
1000	
1000	
1000	
1000	
1000	
1000	
1000	
1000	
1000	
1000	
1000	
1000	
1000	
1000	
1000	
1000	
1000	
1000	
1000	
1000	
1000	
1000	
1000	
1000	
1000	
1000	
1000	
1000	
1000	
1000	
1000	
1000	
1000	
1000	
1000	
1000	
1000	
1000	
1000	
1000	
1000	
1000	
1000	
1000	
1000	
1000	
1000	
1000	
1000	
1000	
1000	
1000	
1000	
1000	
1000	
1000	
1000	
1000	
1000	
1000	
1000	
1000	
1000	
1000	
1000	
1000	
1000	
1000	
1000	
1000	
1000	
1000	
1000	
1000	
1000	
1000	
1000	
1000	
1000	
1000	
1000	
1000	
1000	
1000	
1000	
1000	
1000	
1000	
1000	
1000	
1000	
1000	
1000	
1000	
1000	
1000	
1000	
1000	
1000	
1000	
1000	
1000	
1000	
1000	
1000	
1000	
1000	
1000	
1000	
1000	
1000	
1000	
1000	
1000	
1000	
1000	
1000	
1000	
1000	
1000	
1000	
1000	
1000	
1000	
1000	
1000	
1000	
1000	
1000	
1000	
1000	
1000	
1000	
1000	
1000	
1000	
1000	
1000	
1000	
1000	
1000	
1000	
1000	
1000	
1000	
1000	
1000	
1000	
1000	
1000	
1000	
1000	
1000	
1000	
1000	
1000	
1000	
1000	
1000	
1000	
1000	
1000	
1000	
1000	
1000	
1000	
1000	
1000	
1000	
1000	
1000	
1000	
1000	
1000	
1000	
1000	
1000	
1000	
1000	
1000	
1000	
1000	
1000	
1000	
1000	
1000	
1000	
1000	
1000	
1000	
1000	
1000	
1000	
1000	
1000	
1000	
1000	
1000	
1000	
1000	
1000	
1000	
1000	
1000	
1000	
1000	
1000	
1000	
1000	
1000	
1000	
1000	
1000	
1000	
1000	
1000	
1000	
1000	
1000	
1000	
1000	
1000	
1000	
1000	
1000	
1000	
1000	
1000	
1000	
1000	
1000	
1000	
1000	
1000	
1000	
1000	
1000	
1000	
1000	
1000	
1000	
1000	
1000	
1000	
1000	
1000	
1000	
1000	
1000	
1000	
1000	
1000	
1000	
1000	
1000	
1000	
1000	
1000	
1000	
1000	
1000	
1000	
1000	
1000	
1000	
1000	
1000	
1000	
1000	
1000	
1000	
1000	
1000	
1000	
1000	
1000	
1000	
1000	
1000	
1000	
1000	
1000	
1000	
1000	
1000	
1000	
1000	
1000	
1000	
1000	
1000	
1000	
1000	
1000	
1000	
1000	
1000	
1000	
1000	
1000	
1000	
1000	
1000	
1000	
1000	
1000	
1000	
1000	
1000	
1000	
1000	
1000	
1000	
1000	
1000	
1000	
1000	
1000	
1000	
1000	
1000	
1000	
1000	
1000	
1000	
1000	
1000	
1000	
1000	
1000	
1000	
1000	
1000	
1000	
1000	
1000	
1000	
1000	
1000	
1000	
1000	
1000	
1000	
1000	
1000	
1000	
1000	
1000	
1000	
1000	
1000	
1000	
1000	
1000	
1000	
1000	
1000	
1000	
1000	
1000	
1000	
1000	
1000	
1000	
1000	
1000	
1000	
1000	
1000	
1000	
1000	
1000	
1000	
1000	
1000	
1000	
1000	
1000	
1000	
1000	
1000	
1000	
1000	
1000	
1000	
1000	
1000	
1000	
1000	
1000	
1000	
1000	
1000	
1000	
1000	
1000	
1000	
1000	
1000	
1000	
1000	
1000	
1000	
1000	
1000	
1000	
1000	
1000	
1000	
1000	
1000	
1000	
1000	
1000	
1000	
1000	
1000	
1000	
1000	
1000	
1000	
1000	
1000	
1000	
1000	
1000	
1000	
1000	
1000	
1000	
1000	
1000	
1000	
1000	
1000	
1000	
1000	
1000	
1000	
1000	
1000	
1000	
1000	
1000	
1000	
1000	
1000	
1000	
1000	
1000	
1000	
1000	
1000	
1000	
1000	
1000	
1000	
1000	
1000	
1000	
1000	
1000	
1000	
1000	
1000	
1000	
1000	
1000	
1000	
1000	
1000	
1000	
1000	
1000	
1000	
1000	
1000	
1000	
1000	
1000	
1000	
1000	
1000	
1000	
1000	
1000	
1000	
1000	
1000	
1000	
1000	
1000	
1000	
1000	
1000	
1000	
1000	
1000	
1000	
1000	
1000	
1000	
1000	
1000	
1000	
1000	
1000	
1000	
1000	
1000	
1000	
1000	
1000	
1000	
1000	
1000	
1000	
1000	
1000	
1000	
1000	
1000	
1000	
1000	
1000	
1000	
1000	
1000	
1000	
1000	
1000	
1000	
1000	
1000	
1000	
1000	
1000	
1000	
1000	
1000	
1000	
1000	
1000	
1000	
1000	
1000	
1000	
1000	
1000	
1000	
1000	
1000	
1000	
1000	
1000	
1000	
1000	
1000	
1000	
1000	
1000	
1000	
1000	
1000	
1000	
1000	
1000	
1000	
1000	
1000	
1000	
1000	
1000	
1000	
1000	
1000	
1000	
1000	
1000	
1000	
1000	
1000	
1000	
1000	
1000	
1000	
1000	
1000	
1000	
1000	
1000	
1000	
1000	
1000	
1000	
1000	
1000	
1000	
1000	
1000	
1000	
1000	
1000	
1000	
1000	
1000	
1000	
1000	
1000	
1000	
1000	
1000	
1000	
1000	
1000	
1000	
1000	
1000	
1000	
1000	
1000	
1000	
1000	
1000	
1000	
1000	
1000	
1000	
1000	
1000	
1000	
1000	
1000	
1000	
1000	
1000	
1000	
1000	
1000	
1000	
1000	
1000	
1000	
1000	
1000	
1000	
1000	
1000	
1000	
1000	
1000	
1000	
1000	
1000	
1000	
1000	
1000	
1000	
1000	
1000	
1000	
1000	
1000	
1000	
1000	
1000	
1000	
1000	
1000	
1000	
1000	
1000	
1000	
1000	
1000	
1000	
1000	
1000	
1000	
1000	
1000	
1000	
1000	
1000	
1000	
1000	
1000	
1000	
1000	
1000	
1000	
1000	
1000	
1000	
1000	
1000	
1000	
1000	
1000	
1000	
1000	
1000	
1000	
1000	
1000	
1000	
1000	
1000	
1000	
1000	
1000	
1000	
1000	
1000	
1000	
1000	
1000	
1000	
1000	
1000	
1000	
1000	
1000	
1000	
1000	
1000	
1000	
1000	
1000	
1000	
1000	
1000	
1000	
1000	
1000	
1000	
1000	
1000	
1000	
1000	
1000	
1000	
1000	
1000	
1000	
1000	
1000	
1000	
1000	
1000	
1000	
1000	
1000	
1000	
1000	
1000	
1000	
1000	
1000	
1000	
1000	
1000	
1000	
1000	
1000	
1000	
1000	
1000	
1000	
1000	
1000	
1000	
1000	
1000	
1000	
1000	
1000	
1000	
1000	
1000	
1000	
1000	
1000	
1000	
1000	
1000	
1000	
1000	
1000	
1000	
1000	
1000	
1000	
1000	
1000	
1000	
1000	
1000	
1000	
1000	
1000	
1000	
1000	
1000	
1000	
1000	
1000	
1000	
1000	
1000	
1000	
1000	
1000	
1000	
1000	
1000	
1000	
1000	
1000	
1000	
1000	
1000	
1000	
1000	
1000	
1000	
1000	
1000	
1000	
1000	
1000	
1000	
1000	
1000	
1000	
1000	
1000	
1000	
1000	
1000	
1000	
1000	
1000	
1000	
1000	
1000	
1000	
1000	
1000	
1000	
1000	
1000	
1000	
1000	
1000	
1000	
1000	
1000	
1000	
1000	
1000	
1000	
1000	
1000	
1000	
1000	
1000	
1000	
1000	
1000	
1000	
1000	
1000	
1000	
1000	
1000	
1000	
1000	
1000	
1000	
1000	
1000	
1000	
1000	
1000	
1000	
1000	
1000	
1000	
1000	
1000	
1000	
1000	
1000	
1000	
1000	
1000	
1000	
1000	
1000	
1000	
1000	
1000	
1000	
1000	
1000	
1000	
1000	
1000	
1000	
1000	
1000	
1000	
1000	
1000	
1000	
1000	
1000	
1000	
1000	
1000	
1000	
1000	
1000	
1000	
1000	
1000	
1000	
1000	
1000	
1000	
1000	
1000	
1000	
1000	
1000	
1000	
1000	
1000	
1000	
1000	
1000	
1000	
1000	
1000	
1000	
1000	
1000	
1000	
1000	
1000	
1000	
1000	
1000	
1000	
1000	
1000	
1000	
1000	
1000	
1000	
1000	
1000	
1000	
1000	
1000	
1000	
1000	
1000	
1000	
1000	
1000	
1000	
1000	
1000	
1000	
1000	
1000	
1000	
1000	
1000	
1000	
1000	
1000	
1000	
1000	
1000	
1000	
1000	
1000	
1000	
1000	
1000	
1000	
1000	
1000	
1000	
1000	
1000	
1000	
1000	
1000	
1000	
1000	
1000	
1000	
1000	
1000	
1000	
1000	
1000	
1000	
1000	
1000	
1000	
1000	
1000	
1000	
1000	
1000	
1000	
1000	
1000	
1000	
1000	
1000	
1000	
1000	
1000	
1000	
1000	
1000	
1000	
1000	
1000	
1000	
1000	
1000	
1000	
1000	
1000	
1000	
1000	
1000	
1000	
1000	
1000	
1000	
1000	
1000	
1000	
1000	
1000	
1000	
1000	
1000	
1000	
1000	
1000	
1000	
1000	
1000	
1000	
1000	
1000	
1000	
1000	
1000	
1000	
1000	
1000	
1000	
1000	
1000	
1000	
1000	
1000	
1000	
1000	
1000	
1000	
1000	
1000	
1000	
1000	
1000	
1000	
1000	
1000	
1000	
1000	
1000	
1000	
1000	
1000	
1000	
1000	
1000	
1000	
1000	
1000	
1000	
1000	
1000	
1000	
1000	
1000	
1000	
1000	
1000	
1000	
1000	
1000	
1000	
1000	
1000	
1000	
1000	
1000	
1000	
1000	
1000	
1000	
1000	
1000	
1000	
1000	
1000	
1000	
1000	
1000	
1000	
1000	
1000	
1000	
1000	
1000	
1000	
1000	
1000	
1000	
1000	
1000	
1000	
1000	
1000	
1000	
1000	
1000	
1000	
1000	
1000	
1000	
1000	
1000	
1000	
1000	
1000	
1000	
1000	
1000	
1000	
1000	
1000	
1000	
1000	
1000	
1000	
1000	
1000	
1000	
1000	
1000	
1000	
1000	
1000	
1000	
1000	
1000	
1000	
1000	
1000	
1000	
1000	
1000	
1000	
1000	
1000	
1000	
1000	
1000	
1000	
1000	
1000	
1000	
1000	
1000	
1000	
1000	
1000	
1000	
1000	
1000	
1000	
1000	
1000	
1000	
1000	
1000	
1000	
1000	
1000	
1000	
1000	
1000	
1000	
1000	
1000	
1000	
1000	
1000	
1000	
1000	
1000	
1000	
1000	
1000	
1000	
1000	
1000	
1000	
1000	
1000	
1000	
1000	
1000	
1000	
1000	
1000	
1000	
1000	
1000	
1000	
1000	
1000	
1000	
1000	
1000	
1000	
1000	
1000	
1000	
1000	
1000	
1000	
1000	
1000	
1000	
1000	
1000	
1000	
1000	
1000	
1000	
1000	
1000	
1000	
1000	
1000	
1000	
1000	
1000	
1000	
1000	
1000	
1000	
1000	
1000	
1000	
1000	
1000	
1000	
1000	
1000	
1000	
1000	
1000	
1000	
1000	
1000	
1000	
1000	
1000	
1000	
1000	
1000	
1000	
1000	
1000	
1000	
1000	
1000	
1000	
1000	
1000	
1000	
1000	
1000	
1000	
1000	
1000	
1000	
1000	
1000	
1000	
1000	
1000	
1000	
1000	
1000	
1000	
1000	
1000	
1000	
1000	
1000	
1000	
1000	
1000	
1000	
1000	
1000	
1000	
1000	
1000	
1000	
1000	
1000	
1000	
1000	
1000	
1000	
1000	
1000	
1000	
1000	
1000	
1000	
1000	
1000	
1000	
1000	
1000	
1000	
1000	
1000	
1000	
1000	
1000	
1000	
1000	
1000	
1000	
1000	
1000	
1000	
1000	
1000	
1000	
1000	
1000	
1000	
1000	
1000	
1000	
1000	
1000	
1000	
1000	
1000	
1000	
1000	
1000	
1000	
1000	
1000	
1000	
1000	
1000	
1000	
1000	
1000	
1000	
1000	
1000	
1000	
1000	
1000	
1000	
1000	
1000	
1000	
1000	
1000	
1000	
1000	
1000	
1000	
1000	
1000	
1000	
1000	
1000	
1000	
1000	
1000	
1000	
1000	
1000	
1000	
1000	
1000	
1000	
1000	
1000	
1000	
1000	
1000	
1000	
1000	
1000	
1000	
1000	
1000	
1000	
1000	
1000	
1000	
1000	
1000	
1000	
1000	
1000	
1000	
1000	
1000	
1000	
1000	
1000	
1000	
1000	
1000	
1000	
1000	
1000	
1000	
1000	
1000	
1000	
1000	
1000	
1000	
1000	
1000	
1000	
1000	
1000	
1000	
1000	
1000	
1000	
1000	
1000	
1000	
1000	
1000	
1000	
1000	
1000	
1000	
1000	
1000	
1000	
1000	
1000	
1000	
1000	
1000	
1000	
1000	
1000	
1000	
1000	
1000	
1000	
1000	
1000	
1000	
1000	
1000	
1000	
1000	
1000	
1000	
1000	
1000	
1000	
1000	
1000	
1000	
1000	
1000	
1000	
1000	
1000	
1000	
1000	
1000	
1000	
1000	
1000	
1000	
1000	
1000	
1000	
1000	
1000	
1000	
1000	
1000	
1000	
1000	
1000	
1000	
1000	
1000	
1000	
1000	
1000	
1000	
1000	
1000	
1000	
1000	
1000	
1000	
1000	
1000	
1000	
1000	
1000	
1000	
1000	
1000	
1000	
1000	
1000	
1000	
1000	
1000	
1000	
1000	
1000	
1000	
1000	
1000	
1000	
1000	
1000	
1000	
1000	
1000	
1000	
1000	
1000	
1000	
1000	
1000	
1000	
1000	
1000	
1000	
1000	
1000	
1000	
1000	
1000	
1000	
1000	
1000	
1000	
1000	
1000	
1000	
1000	
1000	
1000	
1000	
1000	
1000	
1000	
1000	
1000	
1000	
1000	
1000	
1000	
1000	
1000	
1000	
1000	
1000	
1000	
1000	
1000	
1000	
1000	
1000	
1000	
1000	
1000	
1000	
1000	
1000	
1000	
1000	
1000	
1000	
1000	
1000	
1000	
1000	
1000	
1000	
1000	
1000	
1000	
1000	
1000	
1000	
1000	
1000	
1000	
1000	
1000	
1000	
1000	
1000	
1000	
1000	
1000	
1000	
1000	
1000	
1000	
1000	
1000	
1000	
1000	
1000	
1000	
1000	
1000	
1000	
1000	
1000	
1000	
1000	
1000	
1000	
1000	
1000	
1000	
1000	
1000	
1000	
1000	
1000	
1000	
1000	
1000	
1000	
1000	
1000	
1000	
1000	
1000	
1000	
1000	
1000	
1000	
1000	
1000	
1000	
1000	
1000	
1000	
1000	
1000	
1000	
1000	
1000	
1000	
1000	
1000	
1000	
1000	
1000	
1000	
1000	
1000	
1000	
1000	
1000	
1000	
1000	
1000	
1000	
1000	
1000	
1000	
1000	
1000	
1000	
1000	
1000	
1000	
1000	
1000	
1000	
1000	
1000	
1000	
1000	
1000	
1000	
1000	
1000	
1000	
1000	
1000	
1000	
1000	
1000	
1000	
1000	
1000	
1000	
1000	
1000	
1000	
1000	
1000	
1000	
1000	
1000	
1000	
1000	
1000	
1000	
1000	
1000	
1000	
1000	
1000	
1000	
1000	
1000	
1000	
1000	
1000	
1000	
1000	
1000	
1000	
1000	
1000	
1000	
1000	
1000	
1000	
1000	
1000	
1000	
1000	
1000	
1000	
1000	
1000	
1000	
1000	
1000	
1000	
1000	
1000	
1000	
1000	
1000	
1000	
1000	
1000	
1000	
1000	
1000	
1000	
1000	
1000	
1000	
1000	
1000	
1000	
1000	
1000	
1000	
1000	
1000	
1000	
1000	
1000	
1000	
1000	
1000	
1000	
1000	
1000	
1000	
1000	
1000	
1000	
1000	
1000	
1000	
1000	
1000	
1000	
1000	
1000	
1000	
1000	
1000	
1000	
1000	
1000	
1000	
1000	
1000	
1000	
1000	
1000	
1000	
1000	
1000	
1000	
1000	
1000	
1000	
1000	
1000	
1000	
1000	
1000	
1000	
1000	
1000	
1000	
1000	
1000	
1000	
1000	
1000	
1000	
1000	
1000	
1000	
1000	
1000	
1000	
1000	
1000	
1000	
1000	
1000	
1000	
1000	
1000	
1000	
1000	
1000	
1000	
1000	
1000	
1000	
1000	
1000	
1000	
1000	
1000	
1000	
1000	
1000	
1000	
1000	
1000	
1000	
1000	
1000	
1000	
1000	
1000	
1000	
1000	
1000	
1000	
1000	
1000	
1000	
1000	
1000	
1000	
1000	
1000	
1000	
1000	
1000	
1000	
1000	
1000	
1000	
1000	
1000	
1000	
1000	
1000	
1000	
1000	
1000	
1000	
1000	
1000	
1000	
1000	
1000	
1000	
1000	
1000	
1000	
1000	
1000	
1000	
1000	
1000	
1000	
1000	
1000	
1000	
1000	
1000	
1000	
1000	
1000	
1000	
1000	
1000	
1000	
1000	
1000	
1000	
1000	
1000	
1000	
1000	
1000	
1000	
1000	
1000	
1000	
1000	
1000	
1000	
1000	
1000	
1000	
1000	
1000	
1000	
1000	
1000	
1000	
1000	
1000	
1000	
1000	
1000	
1000	
1000	
1000	
1000	
1000	
1000	
1000	
1000	
1000	
1000	
1000	
1000	
1000	
1000	
1000	
1000	
1000	
1000	
1000	
1000	
1000	
1000	
1000	
1000	
1000	
1000	
1000	
1000	
1000	
1000	
1000	
1000	
1000	
1000	
1000	
1000	
1000	
1000	
1000	
1000	
1000	
1000	
1000	
1000	
1000	
1000	
1000	
1000	
1000	
1000	
1000	
1000	
1000	
1000	
1000	
1000	
1000	
1000	
1000	
1000	
1000	
1000	
1000	
1000	
1000	
1000	
1000	
1000	
1000	
1000	
1000	
1000	
1000	
1000	
1000	
1000	
1000	
1000	
1000	
1000	
1000	
1000	
1000	
1000	
1000	
1000	
1000	
1000	
1000	
1000	
1000	
1000	
1000	
1000	
1000	
1000	
1000	
1000	
1000	
1000	
1000	
1000	
1000	
1000	
1000	
1000	
1000	
1000	
1000	
1000	
1000	
1000	
1000	
1000	
1000	
1000	
1000	
1000	
1000	
1000	
1000	
1000	
1000	
1000	
1000	
1000	
1000	
1000	
1000	
1000	
1000	
1000	
1000	
1000	
1000	
1000	
1000	
1000	
1000	
1000	
1000	
1000	
1000	
1000	
1000	
1000	
1000	
1000	
1000	
1000	
1000	
1000	
1000	
1000	
1000	
1000	
1000	
1000	
1000	
1000	
1000	
1000	
1000	
1000	
1000	
1000	
1000	
1000	
1000	
1000	
1000	
1000	
1000	
1000	
1000	
1000	
1000	
1000	
1000	
1000	
1000	
1000	
1000	
1000	
1000	
1000	
1000	
1000	
1000	
1000	
1000	
1000	
1000	
1000	
1000	
1000	
1000	
1000	
1000	
1000	
1000	
1000	
1000	
1000	
1000	
1000	
1000	
1000	
1000	
1000	
1000	
1000	
1000	
1000	
1000	
1000	
1000	
1000	
1000	
1000	
1000	
1000	
1000	
1000	
1000	
1000	
1000	
1000	
1000	
1000	
1000	
1000	
1000	
1000	
1000	
1000	
1000	
1000	
1000	
1000	
1000	
1000	
1000	
1000	
1000	
1000	
1000	
1000	
1000	
1000	
1000	
1000	
1000	
1000	
1000	
1000	
1000	
1000	
1000	
1000	
1000	
1000	
1000	
1000	
1000	
1000	
1000	
1000	
1000	
1000	
1000	
1000	
1000	
1000	
1000	
1000	
1000	
1000	
1000	
1000	
1000	
1000	
1000	
1000	
1000	
1000	
1000	
1000	
1000	
1000	
1000	
1000	
1000	
1000	
1000	
1000	
1000	
1000	
1000	
1000	
1000	
1000	
1000	
1000	
1000	
1000	
1000	
1000	
1000	
1000	
1000	
1000	
1000	
1000	
1000	
1000	
1000	
1000	
1000	
1000	
1000	
1000	
1000	
1000	
1000	
1000	
1000	
1000	
1000	
1000	
1000	
1000	
1000	
1000	
1000	
1000	
1000	
1000	
1000	
1000	
1000	
1000	
1000	
1000	
1000	
1000	
1000	
1000	
1000	
1000	
1000	
1000	
1000	
1000	
1000	
1000	
1000	
1000	
1000	
1000	
1000	
1000	
1000	
1000	
1000	
1000	
1000	
1000	
1000	
1000	
1000	
1000	
1000	
1000	
1000	
1000	
1000	
1000	
1000	
1000	
1000	
1000	
1000	
1000	
1000	
1000	
1000	
1000	
1000	
1000	
1000	
1000	
1000	
1000	
1000	
1000	
1000	
1000	
1000	
1000	
1000	
1000	
1000	
1000	
1000	
1000	
1000	
1000	
1000	
1000	
1000	
1000	
1000	
1000	
1000	
1000	
1000	
1000	
1000	
1000	
1000	
1000	
1000	
1000	
1000	
1000	
1000	
1000	
1000	
1000	
1000	
1000	
1000	
1000	
1000	
1000	
1000	
1000	
1000	
1000	
1000	
1000	
1000	
1000	
1000	
1000	
1000	
1000	
1000	
1000	
1000	
1000	
1000	
1000	
1000	
1000	
1000	
1000	
1000	
1000	
1000	
1000	
1000	
1000	
1000	
1000	
1000	
1000	
1000	
1000	
1000	
1000	
1000	
1000	
1000	
1000	
1000	
1000	
1000	
1000	
1000	
1000	
1000	
1000	
1000	
1000	
1000	
1000	
1000	
1000	
1000	
1000	
1000	
1000	
1000	
1000	
1000	
1000	
1000	
1000	
1000	
1000	
1000	
1000	
1000	
1000	
1000	
1000	
1000	
1000	
1000	
1000	
1000	
1000	
1000	
1000	
1000	
1000	
1000	
1000	
1000	
1000	
1000	
1000	
1000	
1000	
1000	
1000	
1000	
1000	
1000	
1000	
1000	
1000	
1000	
1000	
1000	
1000	
1000	
1000	
1000	
1000	
1000	
1000	
1000	
1000	
1000	
1000	
1000	
1000	
1000	
1000	
1000	
1000	
1000	
1000	
1000	
1000	
1000	
1000	
1000	
1000	
1000	
1000	
1000	
1000	
1000	
1000	
1000	
1000	
1000	
1000	
1000	
1000	
1000	
1000	
1000	
1000	
1000	
1000	
1000	
1000	
1000	
1000	
1000	
1000	
1000	
1000	
1000	
1000	
1000	
1000	
1000	
1000	
1000	
1000	
1000	
1000	
1000	
1000	
1000	
1000	
1000	
1000	
1000	
1000	
1000	
1000	
1000	
1000	
1000	
1000	
1000	
1000	
1000	
1000	
1000	
1000	
1000	
1000	
1000	
1000	
1000	
1000	
1000	
1000	
1000	
1000	
1000	
1000	
1000	
1000	
1000	
1000	
1000	
1000	
1000	
1000	
1000	
1000	
1000	
1000	
1000	
1000	
1000	
1000	
1000	
1000	
1000	
1000	
1000	
1000	
1000	
1000	
1000	
1000	
1000	
1000	
1000	
1000	
1000	
1000	
1000	
1000	
1000	
1000	
1000	
1000	
1000	
1000	
1000	
1000	
1000	
1000	
1000	
1000	
1000	
1000	
1000	
1000	
1000	
1000	
1000	
1000	
1000	
1000	
1000	
1000	
1000	
1000	
1000	
1000	
1000	
1000	
1000	
1000	
1000	
1000	
1000	
1000	
1000	
1000	
1000	
1000	
1000	
1000	
1000	
1000	
1000	
1000	
1000	
1000	
1000	
1000	
1000	
1000	
1000	
1000	
1000	
1000	
1000	
1000	
1000	
1000	
1000	
1000	
1000	
1000	
1000	
1000	
1000	
1000	
1000	
1000	
1000	
1000	
1000	
1000	
1000	
1000	
1000	
1000	
1000	
1000	
1000	
1000	
1000	
1000	
1000	
1000	
1000	
1000	
1000	
1000	
1000	
1000	
1000	
1000	
1000	
1000	
1000	
1000	
1000	
1000	
1000	
1000	
1000	
1000	
1000	
1000	
1000	
1000	
1000	
1000	
1000	
1000	
1000	
1000	
1000	
1000	
1000	
1000	
1000	
1000	
1000	
1000	
1000	
1000	
1000	
1000	
1000	
1000	
1000	
1000	
1000	
1000	
1000	
1000	
1000	
1000	
1000	
1000	
1000	
1000	
1000	
1000	
1000	
1000	
1000	
1000	
1000	
1000	
1000	
1000	
1000	
1000	
1000	
1000	
1000	
1000	
1000	
1000	
1000	
1000	
1000	
1000	
1000	
1000	
1000	
1000	
1000	
1000	
1000	
1000	
1000	
1000	
1000	
1000	
1000	
1000	
1000	
1000	
1000	
1000	
1000	
1000	
1000	
1000	
1000	
1000	
1000	
1000	
1000	
1000	
1000	
1000	
1000	
1000	
1000	
1000	
1000	
1000	
1000	
1000	
1000	
1000	
1000	
1000	
1000	
1000	
1000	
1000	
1000	
1000	
1000	
1000	
1000	
1000	
1000	
1000	
1000	
1000	
1000	
1000	
1000	
1000	
1000	
1000	
1000	
1000	
1000	
1000	
1000	
1000	
1000	
1000	
1000	
1000	
1000	
1000	
1000	
1000	
1000	
1000	
1000	
1000	
1000	
1000	
1000	
1000	
1000	
1000	
1000	
1000	
1000	
1000	
1000	
1000	
1000	
1000	
1000	
1000	
1000	
1000	
1000	
1000	
1000	
1000	
1000	
1000	
1000	
1000	
1000	
1000	
1000	
1000	
1000	
1000	
1000	
1000	
1000	
1000	
1000	
1000	
1000	
1000	
1000	
1000	
1000	
1000	
1000	
1000	
1000	
1000	
1000	
1000	
1000	
1000	
1000	
1000	
1000	
1000	
1000	
1000	
1000	
1000	
1000	
1000	
1000	
1000	
1000	
1000	
1000	
1000	
1000	
1000	
1000	
1000	
1000	
1000	
1000	
1000	
1000	
1000	
1000	
1000	
1000	
1000	
1000	
1000	
1000	
1000	
1000	
1000	
1000	
1000	
1000	
1000	
1000	
1000	
1000	
1000	
1000	
1000	
1000	
1000	
1000	
1000	
1000	
1000	
1000	
1000	
1000	
1000	
1000	
1000	
1000	
1000	
1000	
1000	
1000	
1000	
1000	
1000	
1000	
1000	
1000	
1000	
1000	
1000	
1000	
1000	
1000	
1000	
1000	
1000	
1000	
1000	
1000	
1000	
1000	
1000	
1000	
1000	
1000	
1000	
1000	
1000	
1000	
1000	
1000	
1000	
1000	
1000	
1000	
1000	
1000	
1000	
1000	
1000	
1000	
1000	
1000	
1000	
1000	
1000	
1000	
1000	
1000	
1000	
1000	
1000	
1000	
1000	
1000	
1000	
1000	
1000	
1000	
1000	
1000	
1000	
1000	
1000	
1000	
1000	
1000	
1000	
1000	
1000	
1000	
1000	
1000	
1000	
1000	
1000	
1000	
1000	
1000	
1000	
1000	
1000	
1000	
1000	
1000	
1000	
1000	
1000	
1000	
1000	
1000	
1000	
1000	
1000	
1000	
1000	
1000	
1000	
1000	
1000	
1000	
1000	
1000	
1000	
1000	
1000	
1000	
1000	
1000	
1000	
1000	
1000	
1000	
1000	
1000	
1000	
1000	
1000	
1000	
1000	
1000	
1000	
1000	
1000	
1000	
1000	
1000	
1000	
1000	
1000	
1000	
1000	
1000	
1000	
1000	
1000	
1000	
1000	
1000	
1000	
1000	
1000	
1000	
1000	
1000	
1000	
1000	
1000	
1000	
1000	
1000	
1000	
1000	
1000	
1000	
1000	
1000	
1000	
1000	
1000	
1000	
1000	
1000	
1000	
1000	
1000	
1000	
1000	
1000	
1000	
1000	
1000	
1000	
1000	
1000	
1000	
1000	
1000	
1000	
1000	
1000	
1000	
1000	
1000	
1000	
1000	
1000	
1000	
1000	
1000	
1000	
1000	
1000	
1000	
1000	
1000	
1000	
1000	
1000	
1000	
1000	
1000	
1000	
1000	
1000	
1000	
1000	
1000	
1000	
1000	
1000	
1000	
1000	
1000	
1000	
1000	
1000	
1000	
1000	
1000	
1000	
1000	
1000	
1000	
1000	
1000	
1000	
1000	
1000	
1000	
1000	
1000	
1000	
1000	
1000	
1000	
1000	
1000	
1000	
1000	
1000	
1000	
1000	
1000	
1000	
1000	
1000	
1000	
1000	
1000	
1000	
1000	
1000	
1000	
1000	
1000	
1000	
1000	
1000	
1000	
1000	
1000	
1000	
1000	
1000	
1000	
1000	
1000	
1000	
1000	
1000	
1000	
1000	
1000	
1000	
1000	
1000	
1000	
1000	
1000	
1000	
1000	
1000	
1000	
1000	
1000	
1000	
1000	
1000	
1000	
1000	
1000	
1000	
1000	
1000	
1000	
1000	
1000	
1000	
1000	
1000	
1000	
1000	
1000	
1000	
1000	
1000	
1000	
1000	
1000	
1000	
1000	
1000	
1000	
1000	
1000	
1000	
1000	
1000	
1000	
1000	
1000	
1000	
1000	
1000	
1000	
1000	
1000	
1000	
1000	
1000	
1000	
1000	
1000	
1000	
1000	
1000	
1000	
1000	
1000	
1000	
1000	
1000	
1000	
1000	
1000	
1000	
1000	
1000	
1000	
1000	
1000	
1000	
1000	
1000	
1000	
1000	
1000	
1000	
1000	
1000	
1000	
1000	
1000	
1000	
1000	
1000	
1000	
1000	
1000	
1000	
1000	
1000	
1000	
1000	
1000	
1000	
1000	
1000	
1000	
1000	
1000	
1000	
1000	
1000	
1000	
1000	
1000	
1000	
1000	
1000	
1000	
1000	
1000	
1000	
1000	
1000	
1000	
1000	
1000	
1000	
1000	
1000	
1000	
1000	
1000	
1000	
1000	
1000	
1000	
1000	
1000	
1000	
1000	
1000	
1000	
1000	
1000	
1000	
1000	
1000	
1000	
1000	
1000	
1000	
1000	
1000	
1000	
1000	
1000	
1000	
1000	
1000	
1000	
1000	
1000	
1000	
1000	
1000	
1000	
1000	
1000	
1000	
1000	
1000	
1000	
1000	
1000	
1000	
1000	
1000	
1000	
1000	
1000	
1000	
1000	
1000	
1000	
1000	
1000	
1000	
1000	
1000	
1000	
1000	
1000	
1000	
1000	
1000	
1000	
1000	
1000	
1000	
1000	
1000	
1000	
1000	
1000	
1000	
1000	
1000	
1000	
1000	
1000	
1000	
1000	
1000	
1000	
1000	
1000	
1000	
1000	
1000	
1000	
1000	
1000	
1000	
1000	
1000	
1000	
1000	
1000	
1000	
1000	
1000	
1000	
1000	
1000	
1000	
1000	
1000	
1000	
1000	
1000	
1000	
1000	
1000	
1000	
1000	
1000	
1000	
1000	
1000	
1000	
1000	
1000	
1000	
1000	
1000	
1000	
1000	
1000	
1000	
1000	
1000	
1000	
1000	
1000	
1000	
1000	
1000	
1000	
1000	
1000	
1000	
1000	
1000	
1000	
1000	
1000	
1000	
1000	
1000	
1000	
1000	
1000	
1000	
1000	
1000	
1000	
1000	
1000	
1000	
1000	
1000	
1000	
1000	
1000	
1000	
1000	
1000	
1000	
1000	
1000	
1000	
1000	
1000	
1000	
1000	
1000	
1000	
1000	
1000	
1000	
1000	
1000	
1000	
1000	
1000	
1000	
1000	
1000	
1000	
1000	
1000	
1000	
1000	
1000	
1000	
1000	
1000	
1000	
1000	
1000	
1000	
1000	
1000	
1000	
1000	
1000	
1000	
1000	
1000	
1000	
1000	
1000	
1000	
1000	
1000	
1000	
1000	
1000	
1000	
1000	
1000	
1000	
1000	
1000	
1000	
1000	
1000	
1000	
1000	
1000	
1000	
1000	
1000	
1000	
1000	
1000	
1000	
1000	
1000	
1000	
1000	
1000	
1000	
1000	
1000	
1000	
1000	
1000	
1000	
1000	
1000	
1000	
1000	
1000	
1000	
1000	
1000	
1000	
1000	
1000	
1000	
1000	
1000	
1000	
1000	
1000	
1000	
1000	
1000	
1000	
1000	
1000	
1000	
1000	
1000	
1000	
1000	
1000	
1000	
1000	
1000	
1000	
1000	
1000	
1000	
1000	
1000	
1000	
1000	
1000	
1000	
1000	
1000	
1000	
1000	
1000	
1000	
1000	
1000	
1000	
1000	
1000	
1000	
1000	
1000	
1000	
1000	
1000	
1000	
1000	
1000	
1000	
1000	
1000	
1000	
1000	
1000	
1000	
1000	
1000	
1000	
1000	
1000	
1000	
1000	
1000	
1000	
1000	
1000	
1000	
1000	
1000	
1000	
1000	
1000	
1000	
1000	
1000	
1000	
1000	
1000	
1000	
1000	
1000	
1000	
1000	
1000	
1000	
1000	
1000	
1000	
1000	
1000	
1000	
1000	
1000	
1000	
1000	
1000	
1000	
1000	
1000	
1000	
1000	
1000	
1000	
1000	
1000	
1000	
1000	
1000	
1000	
1000	
1000	
1000	
1000	
1000	
1000	
1000	
1000	
1000	
1000	
1000	
1000	
1000	
1000	
1000	
1000	
1000	
1000	
1000	
1000	
1000	
1000	
1000	
1000	
1000	
1000	
1000	
1000	
1000	
1000	
1000	
1000	
1000	
1000	
1000	
1000	
1000	
1000	
1000	
1000	
1000	
1000	
1000	
1000	
1000	
1000	
1000	
1000	
1000	
1000	
1000	
1000	
1000	
1000	
1000	
1000	
1000	
1000	
1000	
1000	
1000	
1000	
1000	
1000	
1000	
1000	
1000	
1000	
1000	
1000	
1000	
1000	
1000	
1000	
1000	
1000	
1000	
1000	
1000	
1000	
1000	
1000	
1000	
1000	
1000	
1000	
1000	
1000	
1000	
1000	
1000	
1000	
1000	
1000	
1000	
1000	
1000	
1000	
1000	
1000	
1000	
1000	
1000	
1000	
1000	
1000	
1000	
1000	
1000	
1000	
1000	
1000	
1000	
1000	
1000	
1000	
1000	
1000	
1000	
1000	
1000	
1000	
1000	
1000	
1000	
1000	
1000	
1000	
1000	
1000	
1000	
1000	
1000	
1000	
1000	
1000	
1000	
1000	
1000	
1000	
1000	
1000	
1000	
1000	
1000	
1000	
1000	
1000	
1000	
1000	
1000	
1000	
1000	
1000	
1000	
1000	
1000	
1000	
1000	
1000	
1000	
1000	
1000	
1000	
1000	
1000	
1000	
1000	
1000	
1000	
1000	
1000	
1000	
1000	
1000	
1000	
1000	
1000	
1000	
1000	
1000	
1000	
1000	
1000	
1000	
1000	
1000	
1000	
1000	
1000	
1000	
1000	
1000	
1000	
1000	
1000	
1000	
1000	
1000	
1000	
1000	
1000	
1000	
1000	
1000	
1000	
1000	
1000	
1000	
1000	
1000	
1000	
1000	
1000	
1000	
1000	
1000	
1000	
1000	
1000	
1000	
1000	
1000	
1000	
1000	
1000	
1000	
1000	
1000	
1000	
1000	
1000	
1000	
1000	
1000	
1000	
1000	
1000	
1000	
1000	
1000	
1000	
1000	
1000	
1000	
1000	
1000	
1000	
1000	
1000	
1000	
1000	
1000	
1000	
1000	
1000	
1000	
1000	
1000	
1000	
1000	
1000	
1000	
1000	
1000	
1000	
1000	
1000	
1000	
1000	
1000	
1000	
1000	
1000	
1000	
1000	
1000	
1000	
1000	
1000	
1000	
1000	
1000	
1000	
1000	
1000	
1000	
1000	
1000	
1000	
1000	
1000	
1000	
1000	
1000	
1000	
1000	
1000	
1000	
1000	
1000	
1000	
1000	
1000	
1000	
1000	
1000	
1000	
1000	
1000	
1000	
1000	
1000	
1000	
1000	
1000	
1000	
1000	
1000	
1000	
1000	
1000	
1000	
1000	
1000	
1000	
1000	
1000	
1000	
1000	
1000	
1000	
1000	
1000	
1000	
1000	
1000	
1000	
1000	
1000	
1000	
1000	
1000	
1000	
1000	
1000	
1000	
1000	
1000	
1000	
1000	
1000	
1000	
1000	
1000	
1000	
1000	
1000	
1000	
1000	
1000	
1000	
1000	
1000	
1000	
1000	
1000	
1000	
1000	
1000	
1000	
1000	
1000	
1000	
1000	
1000	
1000	
1000	
1000	
1000	
1000	
1000	
1000	
1000	
1000	
1000	
1000	
1000	
1000	
1000	
1000	
1000	
1000	
1000	
1000	
1000	
1000	
1000	
1000	
1000	
1000	
1000	
1000	
1000	
1000	
1000	
1000	
1000	
1000	
1000	
1000	
1000	
1000	
1000	
1000	
1000	
1000	
1000	
1000	
1000	
1000	
1000	
1000	
1000	
1000	
1000	
1000	
1000	
1000	
1000	
1000	
1000	
1000	
1000	
1000	
1000	
1000	
1000	
1000	
1000	
1000	
1000	
1000	
1000	
1000	
1000	
1000	
1000	
1000	
1000	
1000	
1000	
1000	
1000	
1000	
1000	
1000	
1000	
1000	
1000	
1000	
1000	
1000	
1000	
1000	
1000	
1000	
1000	
1000	
1000	
1000	
1000	
1000	
1000	
1000	
1000	
1000	
1000	
1000	
1000	
1000	
1000	
1000	
1000	
1000	
1000	
1000	
1000	
1000	
1000	
1000	
1000	
1000	
1000	
1000	
1000	
1000	
1000	
1000	
1000	
1000	
1000	
1000	
1000	
1000	
1000	
1000	
1000	
1000	
1000	
1000	
1000	
1000	
1000	
1000	
1000	
1000	
1000	
1000	
1000	
1000	
1000	
1000	
1000	
1000	
1000	
1000	
1000	
1000	
1000	
1000	
1000	
1000	
1000	
1000	
1000	
1000	
1000	
1000	
1000	
1000	
1000	
1000	
1000	
1000	
1000	
1000	
1000	
1000	
1000	
1000	
1000	
1000	
1000	
1000	
1000	
1000	
1000	
1000	
1000	
1000	
1000	
1000	
1000	
1000	
1000	
1000	
1000	
1000	
1000	
1000	
1000	
1000	
1000	
1000	
1000	
1000	
1000	
1000	
1000	
1000	
1000	
1000	
1000	
1000	
1000	
1000	
1000	
1000	
1000	
1000	
1000	
1000	
1000	
1000	
1000	
1000	
1000	
1000	
1000	
1000	
1000	
1000	
1000	
1000	
1000	
1000	
1000	
1000	
1000	
1000	
1000	
1000	
1000	
1000	
1000	
1000	
1000	
1000	
1000	
1000	
1000	
1000	
1000	
1000	
1000	
1000	
1000	
1000	
1000	
1000	
1000	
1000	
1000	
1000	
1000	
1000	
1000	
1000	
1000	
1000	
1000	
1000	
1000	
1000	
1000	
1000	
1000	
1000	
1000	
1000	
1000	
1000	
1000	
1000	
1000	
1000	
1000	
1000	
1000	
1000	
1000	
1000	
1000	
1000	
1000	
1000	
1000	
1000	
1000	
1000	
1000	
1000	
1000	
1000	
1000	
1000	
1000	
1000	
1000	
1000	
1000	
1000	
1000	
1000	
1000	
1000	
1000	
1000	
1000	
1000	
1000	
1000	
1000	
1000	
1000	
1000	
1000	
1000	
1000	
1000	
1000	
1000	
1000	
1000	
1000	
1000	
1000	
1000	
1000	
1000	
1000	
1000	
1000	
1000	
1000	
1000	
1000	
1000	
1000	
1000	
1000	
1000	
1000	
1000	
1000	
1000	
1000	
1000	
1000	
1000	
1000	
1000	
1000	
1000	
1000	
1000	
1000	
1000	
1000	
1000	
1000	
1000	
1000	
1000	
1000	
1000	
1000	
1000	
1000	
1000	
1000	
1000	
1000	
1000	
1000	
1000	
1000	
1000	
1000	
1000	
1000	
1000	
1000	
1000	
1000	
1000	
1000	
1000	
1000	
1000	
1000	
1000	
1000	
1000	
1000	
1000	
1000	
1000	
1000	
1000	
1000	
1000	
1000	
1000	
1000	
1000	
1000	
1000	
1000	
1000	
1000	
1000	
1000	
1000	
1000	
1000	
1000	
1000	
1000	
1000	
1000	
1000	
1000	
1000	
1000	
1000	
1000	
1000	
1000	
1000	
1000	
1000	
1000	
1000	
1000	
1000	
1000	
1000	
1000	
1000	
1000	
1000	
1000	
1000	
1000	
1000	
1000	
1000	
1000	
1000	
1000	
1000	
1000	
1000	
1000	
1000	
1000	
1000	
1000	
1000	
1000	
1000	
1000	
1000	
1000	
1000	
1000	
1000	
1000	
1000	
1000	
1000	
1000	
1000	
1000	
1000	
1000	
1000	
1000	
1000	
1000	
1000	
1000	
1000	
1000	
1000	
1000	
1000	
1000	
1000	
1000	
1000	
1000	
1000	
1000	
1000	
1000	
1000	
1000	
1000	
1000	
1000	
1000	
1000	
1000	
1000	
1000	
1000	
1000	
1000	
1000	
1000	
1000	
1000	
1000	
1000	
1000	
1000	
1000	
1000	
1000	
1000	
1000	
1000	
1000	
1000	
1000	
1000	
1000	
1000	
1000	
1000	
1000	
1000	
1000	
1000	
1000	
1000	
1000	
1000	
1000	
1000	
1000	
1000	
1000	
1000	
1000	
1000	
1000	
1000	
1000	
1000	
1000	
1000	
1000	
1000	
1000	
1000	
1000	
1000	
1000	
1000	
1000	
1000	
1000	
1000	
1000	
1000	
1000	
1000	
1000	
1000	
1000	
1000	
1000	
1000	
1000	
1000	
1000	
1000	
1000	
1000	
1000	
1000	
1000	
1000	
1000	
1000	
1000	
1000	
1000	
1000	
1000	
1000	
1000	
1000	
1000	
1000	
1000	
1000	
1000	
1000	
1000	
1000	
1000	
1000	
1000	
1000	
1000	
1000	
1000	
1000	
1000	
1000	
1000	
1000	
1000	
1000	
1000	
1000	
1000	
1000	
1000	
1000	
1000	
1000	
1000	
1000	
1000	
1000	
1000	
1000	
1000	
1000	
1000	
1000	
1000	
1000	
1000	
1000	
1000	
1000	
1000	
1000	
1000	
1000	
1000	
1000	
1000	
1000	
1000	
1000	
1000	
1000	
1000	
1000	
1000	
1000	
1000	
1000	
1000	
1000	
1000	
1000	
1000	
1000	
1000	
1000	
1000	
1000	
1000	
1000	
1000	
1000	
1000	
1000	
1000	
1000	
1000	
1000	
1000	
1000	
1000	
1000	
1000	
1000	
1000	
1000	
1000	
1000	
1000	
1000	
1000	
1000	
1000	
1000	
1000	
1000	
1000	
1000	
1000	
1000	
1000	
1000	
1000	
1000	
1000	
1000	
1000	
1000	
1000	
1000	
1000	
1000	
1000	
1000	
1000	
1000	
1000	
1000	
1000	
1000	
1000	
1000	
1000	
1000	
1000	
1000	
1000	
1000	
1000	
1000	
1000	
1000	
1000	
1000	
1000	
1000	
1000	
1000	
1000	
1000	
1000	
1000	
1000	
1000	
1000	
1000	
1000	
1000	
1000	
1000	
1000	
1000	
1000	
1000	
1000	
1000	
1000	
1000	
1000	
1000	
1000	
1000	
1000	
1000	
1000	
1000	
1000	
1000	
1000	
1000	
1000	
1000	
1000	
1000	
1000	
1000	
1000	
1000	
1000	
1000	
1000	
1000	
1000	
1000	
1000	
1000	
1000	
1000	
1000	
1000	
1000	
1000	
1000	
1000	
1000	
1000	
1000	
1000	
1000	
1000	
1000	
1000	
1000	
1000	
1000	
1000	
1000	
1000	
1000	
1000	
1000	
1000	
1000	
1000	
1000	
1000	
1000	
1000	
1000	
1000	
1000	
1000	
1000	
1000	
1000	
1000	
1000	
1000	
1000	
1000	
1000	
1000	
1000	
1000	
1000	
1000	
1000	
1000	
1000	
1000	
1000	
1000	
1000	
1000	
1000	
1000	
1000	
1000	
1000	
1000	
1000	
1000	
1000	
1000	
1000	
1000	
1000	
1000	
1000	
1000	
1000	
1000	
1000	
1000	
1000	
1000	
1000	
1000	
1000	
1000	
1000	
1000	
1000	
1000	
1000	
1000	
1000	
1000	
1000	
1000	
1000	
1000	
1000	
1000	
1000	
1000	
1000	
1000	
1000	
1000	
1000	
1000	
1000	
1000	
1000	
1000	
1000	
1000	
1000	
1000	
1000	
1000	
1000	
1000	
1000	
1000	
1000	
1000	
1000	
1000	
1000	
1000	
1000	
1000	
1000	
1000	
1000	
1000	
1000	
1000	
1000	
1000	
1000	
1000	
1000	
1000	
1000	
1000	
1000	
1000	
1000	
1000	
1000	
1000	
1000	
1000	
1000	
1000	
1000	
1000	
1000	
1000	
1000	
1000	
1000	
1000	
1000	
1000	
1000	
1000	
1000	
1000	
1000	
1000	
1000	
1000	
1000	
1000	
1000	
1000	
1000	
1000	
1000	
1000	
1000	
1000	
1000	
1000	
1000	
1000	
1000	
1000	
1000	
1000	
1000	
1000	
1000	
1000	
1000	
1000	
1000	
1000	
1000	
1000	
1000	
1000	
1000	
1000	
1000	
1000	
1000	
1000	
1000	
1000	
1000	
1000	
1000	
1000	
1000	
1000	
1000	
1000	
1000	
1000	
1000	
1000	
1000	
1000	
1000	
1000	
1000	
1000	
1000	
1000	
1000	
1000	
1000	
1000	
1000	
1000	
1000	
1000	
1000	
1000	
1000	
1000	
1000	
1000	
1000	
1000	
1000	
1000	
1000	
1000	
1000	
1000	
1000	
1000	
1000	
1000	
1000	
1000	
1000	
1000	
1000	
1000	
1000	
1000	
1000	
1000	
1000	
1000	
1000	
1000	
1000	
1000	
1000	
1000	
1000	
1000	
1000	
1000	
1000	
1000	
1000	
1000	
1000	
1000	
1000	
1000	
1000	
1000	
1000	
1000	
1000	
1000	
1000	
1000	
1000	
1000	
1000	
1000	
1000	
1000	
1000	
1000	
1000	
1000	
1000	
1000	
1000	
1000	
1000	
1000	
1000	
1000	
1000	
1000	
1000	
1000	
1000	
1000	
1000	
1000	
1000	
1000	
1000	
1000	
1000	
1000	
1000	
1000	
1000	
1000	
1000	
1000	
1000	
1000	
1000	
1000	
1000	
1000	
1000	
1000	
1000	
1000	
1000	
1000	
1000	
1000	
1000	
1000	
1000	
1000	
1000	
1000	
1000	
1000	
1000	
1000	
1000	
1000	
1000	
1000	
1000	
1000	
1000	
1000	
1000	
1000	
1000	
1000	
1000	
1000	
1000	
1000	
1000	
1000	
1000	
1000	
1000	
1000	
1000	
1000	
1000	
1000	
1000	
1000	
1000	
1000	
1000	
1000	
1000	
1000	
1000	
1000	
1000	
1000	
1000	
1000	
1000	
1000	
1000	
1000	
1000	
1000	
1000	
1000	
1000	
1000	
1000	
1000	
1000	
1000	
1000	
1000	
1000	
1000	
1000	
1000	
1000	
1000	
1000	
1000	
1000	
1000	
1000	
1000	
1000	
1000	
1000	
1000	
1000	
1000	
1000	
1000	
1000	
1000	
1000	
1000	
1000	
1000	
1000	
1000	
1000	
1000	
1000	
1000	
1000	
1000	
1000	
1000	
1000	
1000	
1000	
1000	
1000	
1000	
1000	
1000	
1000	
1000	
1000	
1000	
1000	
1000	
1000	
1000	
1000	
1000	
1000	
1000	
1000	
1000	
1000	
1000	
1000	
1000	
1000	
1000	
1000	
1000	
1000	
1000	
1000	
1000	
1000	
1000	
1000	
1000	
1000	
1000	
1000	
1000	
1000	
1000	
1000	
1000	
1000	
1000	
1000	
1000	
1000	
1000	
1000	
1000	
1000	
1000	
1000	
1000	
1000	
1000	
1000	
1000	
1000	
1000	
1000	
1000	
1000	
1000	
1000	
1000	
1000	
1000	
1000	
1000	
1000	
1000	
1000	
1000	
1000	
1000	
1000	
1000	
1000	
1000	
1000	
1000	
1000	
1000	
1000	
1000	
1000	
1000	
1000	
1000	
1000	
1000	
1000	
1000	
1000	
1000	
1000	
1000	
1000	
1000	
1000	
1000	
1000	
1000	
1000	
1000	
1000	
1000	
1000	
1000	
1000	
1000	
1000	
1000	
1000	
1000	
1000	
1000	
1000	
1000	
1000	
1000	
1000	
1000	
1000	
1000	
1000	
1000	
1000	
1000	
1000	
1000	
1000	
1000	
1000	
1000	
1000	
1000	
1000	
1000	
1000	
1000	
1000	
1000	
1000	
1000	
1000	
1000	
1000	
1000	
1000	
1000	
1000	
1000	
1000	
1000	
1000	
1000	
1000	
1000	
1000	
1000	
1000	
1000	
1000	
1000	
1000	
1000	
1000	
1000	
1000	
1000	
1000	
1000	
1000	
1000	
1000	
1000	
1000	
1000	
1000	
1000	
1000	
1000	
1000	
1000	
1000	
1000	
1000	
1000	
1000	
1000	
1000	
1000	
1000	
1000	
1000	
1000	
1000	
1000	
1000	
1000	
1000	
1000	
1000	
1000	
1000	
1000	
1000	
1000	
1000	
1000	
1000	
1000	
1000	
1000	
1000	
1000	
1000	
1000	
1000	
1000	
1000	
1000	
1000	
1000	
1000	
1000	
1000	
1000	
1000	
1000	
1000	
1000	
1000	
1000	
1000	
1000	
1000	
1000	
1000	
1000	
1000	
1000	
1000	
1000	
1000	
1000	
1000	
1000	
1000	
1000	
1000	
1000	
1000	
1000	
1000	
1000	
1000	
1000	
1000	
1000	
1000	
1000	
1000	
1000	
1000	
1000	
1000	
1000	
1000	
1000	
1000	
1000	
1000	
1000	
1000	
1000	
1000	
1000	
1000	
1000	
1000	
1000	
1000	
