0	
0	
0	
0	
0	
0	
0	
0	
0	
0	
0	
0	
0	
0	
0	
0	
0	
0	
0	
0	
0	
0	
0	
0	
0	
0	
0	
0	
0	
0	
0	
0	
0	
0	
0	
0	
0	
0	
0	
0	
0	
0	
0	
0	
0	
0	
0	
0	
0	
0	
0	
0	
0	
0	
0	
0	
0	
0	
0	
0	
0	
0	
0	
0	
0	
0	
0	
0	
0	
0	
0	
0	
0	
0	
0	
0	
0	
0	
0	
0	
0	
0	
0	
0	
0	
0	
0	
0	
0	
0	
0	
0	
0	
0	
0	
0	
0	
0	
0	
0	
0	
0	
0	
0	
0	
0	
0	
0	
0	
0	
0	
0	
0	
0	
0	
0	
0	
0	
0	
0	
0	
0	
0	
0	
0	
0	
0	
0	
0	
0	
0	
0	
0	
0	
0	
0	
0	
0	
0	
0	
0	
0	
0	
0	
0	
0	
0	
0	
0	
0	
0	
0	
0	
0	
0	
0	
0	
0	
0	
0	
0	
0	
0	
0	
0	
0	
0	
0	
0	
0	
0	
0	
0	
0	
0	
0	
0	
0	
0	
0	
0	
0	
0	
0	
0	
0	
0	
0	
0	
0	
0	
0	
0	
0	
0	
0	
0	
0	
0	
0	
0	
0	
0	
0	
0	
0	
0	
0	
0	
0	
0	
0	
0	
0	
0	
0	
0	
0	
0	
0	
0	
0	
0	
0	
0	
0	
0	
0	
0	
0	
0	
0	
0	
0	
0	
0	
0	
0	
0	
0	
0	
0	
0	
0	
0	
0	
0	
0	
0	
0	
0	
0	
0	
0	
0	
0	
0	
0	
0	
0	
0	
0	
0	
0	
0	
0	
0	
0	
0	
0	
0	
0	
0	
0	
0	
0	
0	
0	
0	
0	
0	
0	
0	
0	
0	
0	
0	
0	
0	
0	
0	
0	
0	
0	
0	
0	
0	
0	
0	
0	
0	
0	
0	
0	
0	
0	
0	
0	
0	
0	
0	
0	
0	
0	
0	
0	
0	
0	
0	
0	
0	
0	
0	
0	
0	
0	
0	
0	
0	
0	
0	
0	
0	
0	
0	
0	
0	
0	
0	
0	
0	
0	
0	
0	
0	
0	
0	
0	
0	
0	
0	
0.5	
1	
1.5	
2	
3	
3.5	
4	
5	
5.5	
6	
7	
7.5	
8	
9	
9.5	
10.5	
11	
11.5	
12.5	
13	
13.5	
14	
14.5	
15	
16	
16.5	
17	
18	
18.5	
19	
20	
20.5	
21	
22	
22.5	
23	
24	
24.5	
25.5	
26	
26.5	
27	
28	
28.5	
29	
29.5	
30	
31	
31.5	
32.5	
33	
33.5	
34	
35	
35.5	
36	
37	
37.5	
38.5	
39	
39.5	
40	
41	
41.5	
42	
43	
43.5	
43.5	
44.5	
45	
45.5	
46	
46.5	
47	
47.5	
48	
49	
49.5	
50	
50.5	
51	
52	
52.5	
53	
53.5	
54	
54.5	
55.5	
56	
56.5	
57	
57.5	
57.5	
58	
58.5	
59	
59	
59.5	
60	
60	
60.5	
61	
61.5	
62	
63	
63.5	
64.5	
65	
65.5	
66	
67	
67.5	
68.5	
69	
69.5	
70.5	
71	
71.5	
72	
73	
73.5	
74	
74.5	
75	
76	
76.5	
77	
77.5	
78.5	
79	
79.5	
80	
81	
81.5	
82.5	
83	
83.5	
84.5	
85	
85.5	
86.5	
87	
88	
88.5	
89	
89.5	
90	
90.5	
91	
92	
92.5	
93	
94	
94.5	
95	
96	
96.5	
97	
98	
98.5	
99	
99.5	
100.5	
101	
101.5	
102.5	
103	
103.5	
104	
104.5	
105.5	
106	
106.5	
107	
108	
108.5	
109	
110	
110.5	
111	
112	
112.5	
113	
114	
114.5	
115.5	
116	
116.5	
117.5	
118	
118.5	
119	
119.5	
120	
120.5	
121	
122	
122.5	
123	
124	
124.5	
125	
125.5	
126	
127	
127.5	
128.5	
129	
129.5	
130	
131	
131.5	
132	
133	
133.5	
134	
134.5	
135	
136	
136.5	
137	
137.5	
138	
138.5	
139.5	
140	
140.5	
141	
142	
142.5	
143	
143.5	
144	
145	
145.5	
146	
146.5	
147	
148	
148.5	
149	
149.5	
150	
151	
151.5	
152	
152.5	
153.5	
154	
155	
155.5	
156	
157	
157.5	
158.5	
159	
159.5	
160.5	
161	
161.5	
162.5	
163	
163.5	
164	
164.5	
165	
166	
166.5	
167	
168	
168.5	
169	
169.5	
170.5	
171	
171.5	
172.5	
173	
173.5	
174	
175	
175.5	
176	
176.5	
177	
178	
178.5	
179	
179.5	
180	
181	
181.5	
182	
182.5	
183	
183.5	
184.5	
185	
186	
186.5	
187	
187.5	
188.5	
189	
190	
190.5	
191	
192	
192.5	
193	
193.5	
194	
194.5	
195.5	
196	
196.5	
197	
197.5	
198.5	
199	
199.5	
200.5	
201	
202	
202.5	
203	
203.5	
204.5	
205	
205.5	
206.5	
207	
207.5	
208.5	
209	
209.5	
210	
210.5	
211	
211.5	
212.5	
213	
213.5	
214.5	
215	
215.5	
216.5	
217	
217.5	
218	
219	
219.5	
220.5	
221	
221.5	
222.5	
223	
223.5	
224	
224.5	
225	
225.5	
226.5	
227	
227.5	
228	
228.5	
229	
230	
230.5	
231	
231.5	
232.5	
233	
233.5	
234.5	
235	
235.5	
236	
237	
237.5	
238	
238.5	
239	
239.5	
240.5	
241	
241.5	
242	
242.5	
243.5	
244	
244.5	
245	
246	
246.5	
247	
247.5	
248	
249	
249.5	
250	
250.5	
251	
251.5	
252.5	
253	
253.5	
254	
254.5	
255	
255.5	
256	
256.5	
257	
257.5	
258	
258.5	
259.5	
260	
260.5	
261	
261.5	
262.5	
263	
263.5	
264	
264.5	
265.5	
266	
266.5	
267	
267.5	
268.5	
268.5	
269	
270	
270.5	
271	
271.5	
272	
273	
273.5	
274	
274.5	
275	
275.5	
276	
277	
277.5	
278	
278.5	
279	
280	
280.5	
281	
281.5	
282.5	
283	
283.5	
284	
284.5	
285	
285.5	
286	
287	
287.5	
288	
289	
289.5	
290	
291	
291.5	
292	
292.5	
293	
294	
294.5	
295.5	
296	
296.5	
297.5	
298	
298.5	
299	
300	
300.5	
301	
301.5	
302.5	
303	
303.5	
304.5	
305	
305.5	
306	
306.5	
307	
307.5	
308.5	
309	
309.5	
310	
310.5	
311	
311.5	
312	
313	
313.5	
314	
314	
314.5	
315	
315.5	
316	
316.5	
316.5	
317	
317.5	
318	
318.5	
319	
319.5	
319.5	
320.5	
321	
321.5	
322.5	
323	
323.5	
324.5	
325	
325.5	
326.5	
327	
327.5	
328.5	
328.5	
329.5	
330	
330.5	
331	
331.5	
332.5	
333	
333.5	
334	
335	
335.5	
336	
336.5	
337.5	
338	
338.5	
339	
340	
340.5	
341	
342	
342.5	
343	
343.5	
344	
344.5	
345.5	
346	
346.5	
347	
348	
348.5	
349	
349.5	
350.5	
351	
351.5	
352	
353	
353.5	
354	
354.5	
355.5	
356	
356.5	
357	
358	
358.5	
359	
359.5	
360	
360.5	
360.5	
361.5	
362	
362.5	
363	
364	
364.5	
365	
366	
366.5	
367.5	
368	
368.5	
369.5	
370	
370.5	
371.5	
372	
372.5	
373	
373.5	
374	
374.5	
375	
376	
376.5	
377	
377.5	
378	
378.5	
379.5	
380	
380.5	
381	
382	
382.5	
383	
383.5	
384.5	
385	
385.5	
386	
386.5	
387.5	
388	
388.5	
389	
390	
390.5	
391	
391.5	
392	
392.5	
393.5	
394	
394.5	
395.5	
396	
397	
397.5	
398.5	
399	
399.5	
400.5	
401	
401.5	
402.5	
403	
403.5	
404	
404.5	
405	
406	
406.5	
407.5	
408	
408.5	
409.5	
410	
410.5	
411.5	
412	
412.5	
413.5	
414	
414.5	
415.5	
416	
417	
417.5	
418	
418.5	
419.5	
420	
420.5	
421	
422	
422.5	
423	
424	
424.5	
425.5	
426	
427	
427.5	
428.5	
429	
429.5	
430.5	
431	
431.5	
432.5	
433	
433.5	
434	
435	
435.5	
436	
436.5	
437.5	
438	
438.5	
439.5	
440	
441	
441.5	
442.5	
443	
443.5	
444.5	
445	
446	
446.5	
447.5	
448	
448.5	
449	
449.5	
450.5	
451	
451.5	
452.5	
453.5	
454	
455	
455.5	
456	
457	
457.5	
458	
459	
459.5	
460.5	
461	
462	
462.5	
463	
463.5	
464.5	
465	
465.5	
466.5	
467	
467.5	
468.5	
469	
470	
470.5	
471.5	
472	
472.5	
473.5	
474	
475	
475.5	
476.5	
477	
478	
478.5	
479	
479.5	
480.5	
481	
481.5	
482.5	
483	
483.5	
484	
484.5	
485	
485.5	
486.5	
487	
487.5	
488.5	
489	
489.5	
490.5	
491	
491.5	
492.5	
493	
493.5	
494.5	
495	
495.5	
496	
497	
497.5	
498.5	
499	
499.5	
500.5	
501	
502	
502.5	
503	
504	
504.5	
505	
506	
506.5	
507	
507.5	
508.5	
509	
509.5	
510	
510.5	
511.5	
512	
513	
513.5	
514.5	
515	
515.5	
516.5	
517	
518	
518.5	
519.5	
520	
520.5	
521.5	
522	
522.5	
523.5	
524	
524.5	
525	
525.5	
526	
527	
527.5	
528	
529	
530	
530.5	
531	
531.5	
532.5	
533	
534	
534.5	
535	
536	
536.5	
537.5	
538	
538.5	
539	
539.5	
540.5	
541	
542	
542.5	
543	
543.5	
544.5	
545	
545.5	
546.5	
547	
548	
548.5	
549	
550	
550.5	
551	
552	
552.5	
553.5	
553.5	
554.5	
555	
556	
556.5	
557	
558	
558.5	
559	
559.5	
560.5	
561	
562	
562.5	
563	
564	
564.5	
565.5	
566	
566.5	
567.5	
568	
568.5	
569	
569.5	
570	
571	
571.5	
572	
572.5	
573.5	
574	
574.5	
575	
575.5	
576.5	
577	
577.5	
578	
578.5	
579.5	
580	
580.5	
581.5	
582	
582.5	
583	
584	
584.5	
585	
585.5	
586	
586.5	
587.5	
588	
589	
589.5	
590	
590.5	
591.5	
592	
592.5	
593.5	
594	
594.5	
595.5	
596	
597	
597.5	
598	
598.5	
599	
600	
600.5	
601	
601.5	
602.5	
603	
603.5	
604	
604.5	
605.5	
606	
606.5	
607.5	
608	
608.5	
609	
609.5	
610.5	
611	
611.5	
612.5	
613	
613.5	
614	
614.5	
615	
615.5	
616	
616.5	
617.5	
618	
619	
619.5	
620	
620.5	
621.5	
622	
623	
623.5	
624	
625	
625.5	
626	
627	
627.5	
628	
628.5	
629	
629.5	
630.5	
631	
631.5	
632	
633	
633.5	
634.5	
635	
635.5	
636	
637	
637.5	
638.5	
639	
639.5	
640	
641	
641.5	
642.5	
643	
643.5	
644	
644.5	
645	
646	
646	
647	
647.5	
648	
649	
649.5	
650	
651	
651.5	
652	
652.5	
653.5	
654	
654.5	
655	
656	
657	
657.5	
658	
658.5	
659	
660	
660.5	
661	
661.5	
662	
662.5	
663	
663.5	
664.5	
665	
665.5	
666.5	
667	
667.5	
668.5	
669	
670	
670.5	
671	
672	
672.5	
673	
673.5	
674.5	
675	
675.5	
676.5	
677	
677.5	
678.5	
679	
680	
680.5	
681	
682	
682.5	
683	
684	
685	
685.5	
686	
687	
687.5	
688	
689	
689.5	
690	
690.5	
691.5	
692	
693	
693.5	
694.5	
695	
695.5	
696.5	
697	
697.5	
698.5	
699	
699.5	
700	
701	
701.5	
702	
703	
703.5	
704	
705	
705.5	
706	
706.5	
707.5	
708	
709	
709.5	
710.5	
711	
711.5	
712.5	
713	
714	
714.5	
715	
716	
716.5	
717.5	
718	
718.5	
719	
719.5	
720.5	
721	
721.5	
722	
723	
723.5	
724.5	
725	
726	
726.5	
727	
728	
729	
729.5	
730	
730.5	
731	
731.5	
732	
732.5	
733	
733.5	
734	
734.5	
735.5	
736	
736.5	
737.5	
738	
738.5	
739.5	
740.5	
741	
741.5	
742.5	
743	
743.5	
744.5	
745	
745.5	
746.5	
747	
747.5	
748.5	
749	
749.5	
750	
750.5	
751	
751.5	
752	
753	
753.5	
754	
754.5	
755	
756	
756.5	
757	
758	
758.5	
759	
760	
760.5	
761	
762	
762.5	
763	
763.5	
764.5	
765	
765.5	
766	
767	
767.5	
768.5	
769	
769.5	
770	
771	
771.5	
772	
773	
773.5	
774	
775	
775.5	
776	
777	
777.5	
778	
778.5	
779	
780	
780.5	
781	
781.5	
782.5	
783	
784	
784.5	
785	
786	
786.5	
787	
788	
788.5	
789	
790	
790.5	
791	
792	
792.5	
793.5	
793.5	
794.5	
795	
795.5	
796	
797	
797.5	
798.5	
799	
799.5	
800.5	
801	
802	
802.5	
803.5	
804	
804.5	
805.5	
806	
807	
807.5	
808.5	
809	
809.5	
810	
810.5	
811.5	
812	
812.5	
813.5	
814	
815	
815.5	
816.5	
817	
817.5	
818.5	
819	
820	
820.5	
821	
822	
822.5	
823.5	
824	
824.5	
825	
826	
826.5	
827	
828	
828.5	
829	
830	
830.5	
831.5	
832.5	
833	
833.5	
834	
835	
835.5	
836.5	
837	
838	
838.5	
839	
839.5	
840.5	
841	
841.5	
842	
842.5	
843	
843.5	
844.5	
845	
845.5	
846	
847	
847.5	
848	
849	
849.5	
850.5	
851.5	
852	
852.5	
853.5	
854	
854.5	
855	
856	
856.5	
857	
857.5	
858.5	
859	
860	
860.5	
861	
862	
862.5	
863	
864	
864.5	
865.5	
866	
867	
867.5	
868.5	
869	
869.5	
870	
870.5	
871.5	
872	
872.5	
873.5	
874	
875	
875.5	
876.5	
877	
877.5	
878.5	
879	
880	
880.5	
881.5	
882	
882.5	
883.5	
884	
884.5	
885	
886	
886.5	
887	
888	
888.5	
889.5	
890	
891	
891.5	
892	
893	
893.5	
894	
895	
895.5	
896	
897	
897.5	
898	
898.5	
899	
900	
900.5	
901	
901.5	
902.5	
903	
904	
904.5	
905	
905.5	
906.5	
907	
907.5	
908.5	
909	
909.5	
910.5	
911	
911.5	
912.5	
913	
913.5	
914	
914.5	
915	
916	
916.5	
917	
917.5	
918.5	
919	
919.5	
920	
920.5	
921.5	
922	
922.5	
923.5	
924	
924.5	
925	
926	
926.5	
927.5	
928	
928.5	
929	
930	
930.5	
931	
932	
932.5	
933	
933.5	
934	
934.5	
935.5	
936	
936.5	
937	
938	
938.5	
939.5	
940	
941	
941.5	
942	
943	
943.5	
944	
945	
945.5	
946	
946.5	
947.5	
948	
948.5	
949	
950	
950.5	
951.5	
952	
952.5	
953.5	
954	
955	
955.5	
956	
957	
957.5	
958	
958.5	
959	
960	
960.5	
961	
962	
962.5	
963.5	
964	
965	
965.5	
966	
967	
967.5	
968	
969	
969.5	
970	
971	
971.5	
972	
973	
973.5	
974	
974.5	
975.5	
976	
976.5	
977	
978	
978.5	
979.5	
980	
980.5	
981.5	
982	
982.5	
983.5	
984	
985	
985.5	
986	
987	
987.5	
988	
989	
989	
990	
990.5	
991.5	
992	
992.5	
993.5	
994	
994.5	
995.5	
996	
996.5	
997.5	
998	
999	
999.5	
1000	
1000	
1000	
1000	
1000	
1000	
1000	
1000	
1000	
1000	
1000	
1000	
1000	
1000	
1000	
1000	
1000	
1000	
1000	
1000	
1000	
1000	
1000	
1000	
1000	
1000	
1000	
1000	
1000	
1000	
1000	
1000	
1000	
1000	
1000	
1000	
1000	
1000	
1000	
1000	
1000	
1000	
1000	
1000	
1000	
1000	
1000	
1000	
1000	
1000	
1000	
1000	
1000	
1000	
1000	
1000	
1000	
1000	
1000	
1000	
1000	
1000	
1000	
1000	
1000	
1000	
1000	
1000	
1000	
1000	
1000	
1000	
1000	
1000	
1000	
1000	
1000	
1000	
1000	
1000	
1000	
1000	
1000	
1000	
1000	
1000	
1000	
1000	
1000	
1000	
1000	
1000	
1000	
1000	
1000	
1000	
1000	
1000	
1000	
1000	
1000	
1000	
1000	
1000	
1000	
1000	
1000	
1000	
1000	
1000	
1000	
1000	
1000	
1000	
1000	
1000	
1000	
1000	
1000	
1000	
1000	
1000	
1000	
1000	
1000	
1000	
1000	
1000	
1000	
1000	
1000	
1000	
1000	
1000	
1000	
1000	
1000	
1000	
1000	
1000	
1000	
1000	
1000	
1000	
1000	
1000	
1000	
1000	
1000	
1000	
1000	
1000	
1000	
1000	
1000	
1000	
1000	
1000	
1000	
1000	
1000	
1000	
1000	
1000	
1000	
1000	
1000	
1000	
1000	
1000	
1000	
1000	
1000	
1000	
1000	
1000	
1000	
1000	
1000	
1000	
1000	
1000	
1000	
1000	
1000	
1000	
1000	
1000	
1000	
1000	
1000	
1000	
1000	
1000	
1000	
1000	
1000	
1000	
1000	
1000	
1000	
1000	
1000	
1000	
1000	
1000	
1000	
1000	
1000	
1000	
1000	
1000	
1000	
1000	
1000	
1000	
1000	
1000	
1000	
1000	
1000	
1000	
1000	
1000	
1000	
1000	
1000	
1000	
1000	
1000	
1000	
1000	
1000	
1000	
1000	
1000	
1000	
1000	
1000	
1000	
1000	
1000	
1000	
1000	
1000	
1000	
1000	
1000	
1000	
1000	
1000	
1000	
1000	
1000	
1000	
1000	
1000	
1000	
1000	
1000	
1000	
1000	
1000	
1000	
1000	
1000	
1000	
1000	
1000	
1000	
1000	
1000	
1000	
1000	
1000	
1000	
1000	
1000	
1000	
1000	
1000	
1000	
1000	
1000	
1000	
1000	
1000	
1000	
1000	
1000	
1000	
1000	
1000	
1000	
1000	
1000	
1000	
1000	
1000	
1000	
1000	
1000	
1000	
1000	
1000	
1000	
1000	
1000	
1000	
1000	
1000	
1000	
1000	
1000	
1000	
1000	
1000	
1000	
1000	
1000	
1000	
1000	
1000	
1000	
1000	
1000	
1000	
1000	
1000	
1000	
1000	
1000	
1000	
1000	
1000	
1000	
1000	
1000	
1000	
1000	
1000	
1000	
1000	
1000	
1000	
1000	
1000	
1000	
1000	
1000	
1000	
1000	
1000	
1000	
1000	
1000	
1000	
1000	
1000	
1000	
1000	
1000	
1000	
1000	
1000	
1000	
1000	
1000	
1000	
1000	
1000	
1000	
1000	
1000	
1000	
1000	
1000	
1000	
1000	
1000	
1000	
1000	
1000	
1000	
1000	
1000	
1000	
1000	
1000	
1000	
1000	
1000	
1000	
1000	
1000	
1000	
1000	
1000	
1000	
1000	
1000	
1000	
1000	
1000	
1000	
1000	
1000	
1000	
1000	
1000	
1000	
1000	
1000	
1000	
1000	
1000	
1000	
1000	
1000	
1000	
1000	
1000	
1000	
1000	
1000	
1000	
1000	
1000	
1000	
1000	
1000	
1000	
1000	
1000	
1000	
1000	
1000	
1000	
1000	
1000	
1000	
1000	
1000	
1000	
1000	
1000	
1000	
1000	
1000	
1000	
1000	
1000	
1000	
1000	
1000	
1000	
1000	
1000	
1000	
1000	
1000	
1000	
1000	
1000	
1000	
1000	
1000	
1000	
1000	
1000	
1000	
1000	
1000	
1000	
1000	
1000	
1000	
1000	
1000	
1000	
1000	
1000	
1000	
1000	
1000	
1000	
1000	
1000	
1000	
1000	
1000	
1000	
1000	
1000	
1000	
1000	
1000	
1000	
1000	
1000	
1000	
1000	
1000	
1000	
1000	
1000	
1000	
1000	
1000	
1000	
1000	
1000	
1000	
1000	
1000	
1000	
1000	
1000	
1000	
1000	
1000	
1000	
1000	
1000	
1000	
1000	
1000	
1000	
1000	
1000	
1000	
1000	
1000	
1000	
1000	
1000	
1000	
1000	
1000	
1000	
1000	
1000	
1000	
1000	
1000	
1000	
1000	
1000	
1000	
1000	
1000	
1000	
1000	
1000	
1000	
1000	
1000	
1000	
1000	
1000	
1000	
1000	
1000	
1000	
1000	
1000	
1000	
1000	
1000	
1000	
1000	
1000	
1000	
1000	
1000	
1000	
1000	
1000	
1000	
1000	
1000	
1000	
1000	
1000	
1000	
1000	
1000	
1000	
1000	
1000	
1000	
1000	
1000	
1000	
1000	
1000	
1000	
1000	
1000	
1000	
1000	
1000	
1000	
1000	
1000	
1000	
1000	
1000	
1000	
1000	
1000	
1000	
1000	
1000	
1000	
1000	
1000	
1000	
1000	
1000	
1000	
1000	
1000	
1000	
1000	
1000	
1000	
1000	
1000	
1000	
1000	
1000	
1000	
1000	
1000	
1000	
1000	
1000	
1000	
1000	
1000	
1000	
1000	
1000	
1000	
1000	
1000	
1000	
1000	
1000	
1000	
1000	
1000	
1000	
1000	
1000	
1000	
1000	
1000	
1000	
1000	
1000	
1000	
1000	
1000	
1000	
1000	
1000	
1000	
1000	
1000	
1000	
1000	
1000	
1000	
1000	
1000	
1000	
1000	
1000	
1000	
1000	
1000	
1000	
1000	
1000	
1000	
1000	
1000	
1000	
1000	
1000	
1000	
1000	
1000	
1000	
1000	
1000	
1000	
1000	
1000	
1000	
1000	
1000	
1000	
1000	
1000	
1000	
1000	
1000	
1000	
1000	
1000	
1000	
1000	
1000	
1000	
1000	
1000	
1000	
1000	
1000	
1000	
1000	
1000	
1000	
1000	
1000	
1000	
1000	
1000	
1000	
1000	
1000	
1000	
1000	
1000	
1000	
1000	
1000	
1000	
1000	
1000	
1000	
1000	
1000	
1000	
1000	
1000	
1000	
1000	
1000	
1000	
1000	
1000	
1000	
1000	
1000	
1000	
1000	
1000	
1000	
1000	
1000	
1000	
1000	
1000	
1000	
1000	
1000	
1000	
1000	
1000	
1000	
1000	
1000	
1000	
1000	
1000	
1000	
1000	
1000	
1000	
1000	
1000	
1000	
1000	
1000	
1000	
1000	
1000	
1000	
1000	
1000	
1000	
1000	
1000	
1000	
1000	
1000	
1000	
1000	
1000	
1000	
1000	
1000	
1000	
1000	
1000	
1000	
1000	
1000	
1000	
1000	
1000	
1000	
1000	
1000	
1000	
1000	
1000	
1000	
1000	
1000	
1000	
1000	
1000	
1000	
1000	
1000	
1000	
1000	
1000	
1000	
1000	
1000	
1000	
1000	
1000	
1000	
1000	
1000	
1000	
1000	
1000	
1000	
1000	
1000	
1000	
1000	
1000	
1000	
1000	
1000	
1000	
1000	
1000	
1000	
1000	
1000	
1000	
1000	
1000	
1000	
1000	
1000	
1000	
1000	
1000	
1000	
1000	
1000	
1000	
1000	
1000	
1000	
1000	
1000	
1000	
1000	
1000	
1000	
1000	
1000	
1000	
1000	
1000	
1000	
1000	
1000	
1000	
1000	
1000	
1000	
1000	
1000	
1000	
1000	
1000	
1000	
1000	
1000	
1000	
1000	
1000	
1000	
1000	
1000	
1000	
1000	
1000	
1000	
1000	
1000	
1000	
1000	
1000	
1000	
1000	
1000	
1000	
1000	
1000	
1000	
1000	
1000	
1000	
1000	
1000	
1000	
1000	
1000	
1000	
1000	
1000	
1000	
1000	
1000	
1000	
1000	
1000	
1000	
1000	
1000	
1000	
1000	
1000	
1000	
1000	
1000	
1000	
1000	
1000	
1000	
1000	
1000	
1000	
1000	
1000	
1000	
1000	
1000	
1000	
1000	
1000	
1000	
1000	
1000	
1000	
1000	
1000	
1000	
1000	
1000	
1000	
1000	
1000	
1000	
1000	
1000	
1000	
1000	
1000	
1000	
1000	
1000	
1000	
1000	
1000	
1000	
1000	
1000	
1000	
1000	
1000	
1000	
1000	
1000	
1000	
1000	
1000	
1000	
1000	
1000	
1000	
1000	
1000	
1000	
1000	
1000	
1000	
1000	
1000	
1000	
1000	
1000	
1000	
1000	
1000	
1000	
1000	
1000	
1000	
1000	
1000	
1000	
1000	
1000	
1000	
1000	
1000	
1000	
1000	
1000	
1000	
1000	
1000	
1000	
1000	
1000	
1000	
1000	
1000	
1000	
1000	
1000	
1000	
1000	
1000	
1000	
1000	
1000	
1000	
1000	
1000	
1000	
1000	
1000	
1000	
1000	
1000	
1000	
1000	
1000	
1000	
1000	
1000	
1000	
1000	
1000	
1000	
1000	
1000	
1000	
1000	
1000	
1000	
1000	
1000	
1000	
1000	
1000	
1000	
1000	
1000	
1000	
1000	
1000	
1000	
1000	
1000	
1000	
1000	
1000	
1000	
1000	
1000	
1000	
1000	
1000	
1000	
1000	
1000	
1000	
1000	
1000	
1000	
1000	
1000	
1000	
1000	
1000	
1000	
1000	
1000	
1000	
1000	
1000	
1000	
1000	
1000	
1000	
1000	
1000	
1000	
1000	
1000	
1000	
1000	
1000	
1000	
1000	
1000	
1000	
1000	
1000	
1000	
1000	
1000	
1000	
1000	
1000	
1000	
1000	
1000	
1000	
1000	
1000	
1000	
1000	
1000	
1000	
1000	
1000	
1000	
1000	
1000	
1000	
1000	
1000	
1000	
1000	
1000	
1000	
1000	
1000	
1000	
1000	
1000	
1000	
1000	
1000	
1000	
1000	
1000	
1000	
1000	
1000	
1000	
1000	
1000	
1000	
1000	
1000	
1000	
1000	
1000	
1000	
1000	
1000	
1000	
1000	
1000	
1000	
1000	
1000	
1000	
1000	
1000	
1000	
1000	
1000	
1000	
1000	
1000	
1000	
1000	
1000	
1000	
1000	
1000	
1000	
1000	
1000	
1000	
1000	
1000	
1000	
1000	
1000	
1000	
1000	
1000	
1000	
1000	
1000	
1000	
1000	
1000	
1000	
1000	
1000	
1000	
1000	
1000	
1000	
1000	
1000	
1000	
1000	
1000	
1000	
1000	
1000	
1000	
1000	
1000	
1000	
1000	
1000	
1000	
1000	
1000	
1000	
1000	
1000	
1000	
1000	
1000	
1000	
1000	
1000	
1000	
1000	
1000	
1000	
1000	
1000	
1000	
1000	
1000	
1000	
1000	
1000	
1000	
1000	
1000	
1000	
1000	
1000	
1000	
1000	
1000	
1000	
1000	
1000	
1000	
1000	
1000	
1000	
1000	
1000	
1000	
1000	
1000	
1000	
1000	
1000	
1000	
1000	
1000	
1000	
1000	
1000	
1000	
1000	
1000	
1000	
1000	
1000	
1000	
1000	
1000	
1000	
1000	
1000	
1000	
1000	
1000	
1000	
1000	
1000	
1000	
1000	
1000	
1000	
1000	
1000	
1000	
1000	
1000	
1000	
1000	
1000	
1000	
1000	
1000	
1000	
1000	
1000	
1000	
1000	
1000	
1000	
1000	
1000	
1000	
1000	
1000	
1000	
1000	
1000	
1000	
1000	
1000	
1000	
1000	
1000	
1000	
1000	
1000	
1000	
1000	
1000	
1000	
1000	
1000	
1000	
1000	
1000	
1000	
1000	
1000	
1000	
1000	
1000	
1000	
1000	
1000	
1000	
1000	
1000	
1000	
1000	
1000	
1000	
1000	
1000	
1000	
1000	
1000	
1000	
1000	
1000	
1000	
1000	
1000	
1000	
1000	
1000	
1000	
1000	
1000	
1000	
1000	
1000	
1000	
1000	
1000	
1000	
1000	
1000	
1000	
1000	
1000	
1000	
1000	
1000	
1000	
1000	
1000	
1000	
1000	
1000	
1000	
1000	
1000	
1000	
1000	
1000	
1000	
1000	
1000	
1000	
1000	
1000	
1000	
1000	
1000	
1000	
1000	
1000	
1000	
1000	
1000	
1000	
1000	
1000	
1000	
1000	
1000	
1000	
1000	
1000	
1000	
1000	
1000	
1000	
1000	
1000	
1000	
1000	
1000	
1000	
1000	
1000	
1000	
1000	
1000	
1000	
1000	
1000	
1000	
1000	
1000	
1000	
1000	
1000	
1000	
1000	
1000	
1000	
1000	
1000	
1000	
1000	
1000	
1000	
1000	
1000	
1000	
1000	
1000	
1000	
1000	
1000	
1000	
1000	
1000	
1000	
1000	
1000	
1000	
1000	
1000	
1000	
1000	
1000	
1000	
1000	
1000	
1000	
1000	
1000	
1000	
1000	
1000	
1000	
1000	
1000	
1000	
1000	
1000	
1000	
1000	
1000	
1000	
1000	
1000	
1000	
1000	
1000	
1000	
1000	
1000	
1000	
1000	
1000	
1000	
1000	
1000	
1000	
1000	
1000	
1000	
1000	
1000	
1000	
1000	
1000	
1000	
1000	
1000	
1000	
1000	
1000	
1000	
1000	
1000	
1000	
1000	
1000	
1000	
1000	
1000	
1000	
1000	
1000	
1000	
1000	
1000	
1000	
1000	
1000	
1000	
1000	
1000	
1000	
1000	
1000	
1000	
1000	
1000	
1000	
1000	
1000	
1000	
1000	
1000	
1000	
1000	
1000	
1000	
1000	
1000	
1000	
1000	
1000	
1000	
1000	
1000	
1000	
1000	
1000	
1000	
1000	
1000	
1000	
1000	
1000	
1000	
1000	
1000	
1000	
1000	
1000	
1000	
1000	
1000	
1000	
1000	
1000	
1000	
1000	
1000	
1000	
1000	
1000	
1000	
1000	
1000	
1000	
1000	
1000	
1000	
1000	
1000	
1000	
1000	
1000	
1000	
1000	
1000	
1000	
1000	
1000	
1000	
1000	
1000	
1000	
1000	
1000	
1000	
1000	
1000	
1000	
1000	
1000	
1000	
1000	
1000	
1000	
1000	
1000	
1000	
1000	
1000	
1000	
1000	
1000	
1000	
1000	
1000	
1000	
1000	
1000	
1000	
1000	
1000	
1000	
1000	
1000	
1000	
1000	
1000	
1000	
1000	
1000	
1000	
1000	
1000	
1000	
1000	
1000	
1000	
1000	
1000	
1000	
1000	
1000	
1000	
1000	
1000	
1000	
1000	
1000	
1000	
1000	
1000	
1000	
1000	
1000	
1000	
1000	
1000	
1000	
1000	
1000	
1000	
1000	
1000	
1000	
1000	
1000	
1000	
1000	
1000	
1000	
1000	
1000	
1000	
1000	
1000	
1000	
1000	
1000	
1000	
1000	
1000	
1000	
1000	
1000	
1000	
1000	
1000	
1000	
1000	
1000	
1000	
1000	
1000	
1000	
1000	
1000	
1000	
1000	
1000	
1000	
1000	
1000	
1000	
1000	
1000	
1000	
1000	
1000	
1000	
1000	
1000	
1000	
1000	
1000	
1000	
1000	
1000	
1000	
1000	
1000	
1000	
1000	
1000	
1000	
1000	
1000	
1000	
1000	
1000	
1000	
1000	
1000	
1000	
1000	
1000	
1000	
1000	
1000	
1000	
1000	
1000	
1000	
1000	
1000	
1000	
1000	
1000	
1000	
1000	
1000	
1000	
1000	
1000	
1000	
1000	
1000	
1000	
1000	
1000	
1000	
1000	
1000	
1000	
1000	
1000	
1000	
1000	
1000	
1000	
1000	
1000	
1000	
1000	
1000	
1000	
1000	
1000	
1000	
1000	
1000	
1000	
1000	
1000	
1000	
1000	
1000	
1000	
1000	
1000	
1000	
1000	
1000	
1000	
1000	
1000	
1000	
1000	
1000	
1000	
1000	
1000	
1000	
1000	
1000	
1000	
1000	
1000	
1000	
1000	
1000	
1000	
1000	
1000	
1000	
1000	
1000	
1000	
1000	
1000	
1000	
1000	
1000	
1000	
1000	
1000	
1000	
1000	
1000	
1000	
1000	
1000	
1000	
1000	
1000	
1000	
1000	
1000	
1000	
1000	
1000	
1000	
1000	
1000	
1000	
1000	
1000	
1000	
1000	
1000	
1000	
1000	
1000	
1000	
1000	
1000	
1000	
1000	
1000	
1000	
1000	
1000	
1000	
1000	
1000	
1000	
1000	
1000	
1000	
1000	
1000	
1000	
1000	
1000	
1000	
1000	
1000	
1000	
1000	
1000	
1000	
1000	
1000	
1000	
1000	
1000	
1000	
1000	
1000	
1000	
1000	
1000	
1000	
1000	
1000	
1000	
1000	
1000	
1000	
1000	
1000	
1000	
1000	
1000	
1000	
1000	
1000	
1000	
1000	
1000	
1000	
1000	
1000	
1000	
1000	
1000	
1000	
1000	
1000	
1000	
1000	
1000	
1000	
1000	
1000	
1000	
1000	
1000	
1000	
1000	
1000	
1000	
1000	
1000	
1000	
1000	
1000	
1000	
1000	
1000	
1000	
1000	
1000	
1000	
1000	
1000	
1000	
1000	
1000	
1000	
1000	
1000	
1000	
1000	
1000	
1000	
1000	
1000	
1000	
1000	
1000	
1000	
1000	
1000	
1000	
1000	
1000	
1000	
1000	
1000	
1000	
1000	
1000	
1000	
1000	
1000	
1000	
1000	
1000	
1000	
1000	
1000	
1000	
1000	
1000	
1000	
1000	
1000	
1000	
1000	
1000	
1000	
1000	
1000	
1000	
1000	
1000	
1000	
1000	
1000	
1000	
1000	
1000	
1000	
1000	
1000	
1000	
1000	
1000	
1000	
1000	
1000	
1000	
1000	
1000	
1000	
1000	
1000	
1000	
1000	
1000	
1000	
1000	
1000	
1000	
1000	
1000	
1000	
1000	
1000	
1000	
1000	
1000	
1000	
1000	
1000	
1000	
1000	
1000	
1000	
1000	
1000	
1000	
1000	
1000	
1000	
1000	
1000	
1000	
1000	
1000	
1000	
1000	
1000	
1000	
1000	
1000	
1000	
1000	
1000	
1000	
1000	
1000	
1000	
1000	
1000	
1000	
1000	
1000	
1000	
1000	
1000	
1000	
1000	
1000	
1000	
1000	
1000	
1000	
1000	
1000	
1000	
1000	
1000	
1000	
1000	
1000	
1000	
1000	
1000	
1000	
1000	
1000	
1000	
1000	
1000	
1000	
1000	
1000	
1000	
1000	
1000	
1000	
1000	
1000	
1000	
1000	
1000	
1000	
1000	
1000	
1000	
1000	
1000	
1000	
1000	
1000	
1000	
1000	
1000	
1000	
1000	
1000	
1000	
1000	
1000	
1000	
1000	
1000	
1000	
1000	
1000	
1000	
1000	
1000	
1000	
1000	
1000	
1000	
1000	
1000	
1000	
1000	
1000	
1000	
1000	
1000	
1000	
1000	
1000	
1000	
1000	
1000	
1000	
1000	
1000	
1000	
1000	
1000	
1000	
1000	
1000	
1000	
1000	
1000	
1000	
1000	
1000	
1000	
1000	
1000	
1000	
1000	
1000	
1000	
1000	
1000	
1000	
1000	
1000	
1000	
1000	
1000	
1000	
1000	
1000	
1000	
1000	
1000	
1000	
1000	
1000	
1000	
1000	
1000	
1000	
1000	
1000	
1000	
1000	
1000	
1000	
1000	
1000	
1000	
1000	
1000	
1000	
1000	
1000	
1000	
1000	
1000	
1000	
1000	
1000	
1000	
1000	
1000	
1000	
1000	
1000	
1000	
1000	
1000	
1000	
1000	
1000	
1000	
1000	
1000	
1000	
1000	
1000	
1000	
1000	
1000	
1000	
1000	
1000	
1000	
1000	
1000	
1000	
1000	
1000	
1000	
1000	
1000	
1000	
1000	
1000	
1000	
1000	
1000	
1000	
1000	
1000	
1000	
1000	
1000	
1000	
1000	
1000	
1000	
1000	
1000	
1000	
1000	
1000	
1000	
1000	
1000	
1000	
1000	
1000	
1000	
1000	
1000	
1000	
1000	
1000	
1000	
1000	
1000	
1000	
1000	
1000	
1000	
1000	
1000	
1000	
1000	
1000	
1000	
1000	
1000	
1000	
1000	
1000	
1000	
1000	
1000	
1000	
1000	
1000	
1000	
1000	
1000	
1000	
1000	
1000	
1000	
1000	
1000	
1000	
1000	
1000	
1000	
1000	
1000	
1000	
1000	
1000	
1000	
1000	
1000	
1000	
1000	
1000	
1000	
1000	
1000	
1000	
1000	
1000	
1000	
1000	
1000	
1000	
1000	
1000	
1000	
1000	
1000	
1000	
1000	
1000	
1000	
1000	
1000	
1000	
1000	
1000	
1000	
1000	
1000	
1000	
1000	
1000	
1000	
1000	
1000	
1000	
1000	
1000	
1000	
1000	
1000	
1000	
1000	
1000	
1000	
1000	
1000	
1000	
1000	
1000	
1000	
1000	
1000	
1000	
1000	
1000	
1000	
1000	
1000	
1000	
1000	
1000	
1000	
1000	
1000	
1000	
1000	
1000	
1000	
1000	
1000	
1000	
1000	
1000	
1000	
1000	
1000	
1000	
1000	
1000	
1000	
1000	
1000	
1000	
1000	
1000	
1000	
1000	
1000	
1000	
1000	
1000	
1000	
1000	
1000	
1000	
1000	
1000	
1000	
1000	
1000	
1000	
1000	
1000	
1000	
1000	
1000	
1000	
1000	
1000	
1000	
1000	
1000	
1000	
1000	
1000	
1000	
1000	
1000	
1000	
1000	
1000	
1000	
1000	
1000	
1000	
1000	
1000	
1000	
1000	
1000	
1000	
1000	
1000	
1000	
1000	
1000	
1000	
1000	
1000	
1000	
1000	
1000	
1000	
1000	
1000	
1000	
1000	
1000	
1000	
1000	
1000	
1000	
1000	
1000	
1000	
1000	
1000	
1000	
1000	
1000	
1000	
1000	
1000	
1000	
1000	
1000	
1000	
1000	
1000	
1000	
1000	
1000	
1000	
1000	
1000	
1000	
1000	
1000	
1000	
1000	
1000	
1000	
1000	
1000	
1000	
1000	
1000	
1000	
1000	
1000	
1000	
1000	
1000	
1000	
1000	
1000	
1000	
1000	
1000	
1000	
1000	
1000	
1000	
1000	
1000	
1000	
1000	
1000	
1000	
1000	
1000	
1000	
1000	
1000	
1000	
1000	
1000	
1000	
1000	
1000	
1000	
1000	
1000	
1000	
1000	
1000	
1000	
1000	
1000	
1000	
1000	
1000	
1000	
1000	
1000	
1000	
1000	
1000	
1000	
1000	
1000	
1000	
1000	
1000	
1000	
1000	
1000	
1000	
1000	
1000	
1000	
1000	
1000	
1000	
1000	
1000	
1000	
1000	
1000	
1000	
1000	
1000	
1000	
1000	
1000	
1000	
1000	
1000	
1000	
1000	
1000	
1000	
1000	
1000	
1000	
1000	
1000	
1000	
1000	
1000	
1000	
1000	
1000	
1000	
1000	
1000	
1000	
1000	
1000	
1000	
1000	
1000	
1000	
1000	
1000	
1000	
1000	
1000	
1000	
1000	
1000	
1000	
1000	
1000	
1000	
1000	
1000	
1000	
1000	
1000	
1000	
1000	
1000	
1000	
1000	
1000	
1000	
1000	
1000	
1000	
1000	
1000	
1000	
1000	
1000	
1000	
1000	
1000	
1000	
1000	
1000	
1000	
1000	
1000	
1000	
1000	
1000	
1000	
1000	
1000	
1000	
1000	
1000	
1000	
1000	
1000	
1000	
1000	
1000	
1000	
1000	
1000	
1000	
1000	
1000	
1000	
1000	
1000	
1000	
1000	
1000	
1000	
1000	
1000	
1000	
1000	
1000	
1000	
1000	
1000	
1000	
1000	
1000	
1000	
1000	
1000	
1000	
1000	
1000	
1000	
1000	
1000	
1000	
1000	
1000	
1000	
1000	
1000	
1000	
1000	
1000	
1000	
1000	
1000	
1000	
1000	
1000	
1000	
1000	
1000	
1000	
1000	
1000	
1000	
1000	
1000	
1000	
1000	
1000	
1000	
1000	
1000	
1000	
1000	
1000	
1000	
1000	
1000	
1000	
1000	
1000	
1000	
1000	
1000	
1000	
1000	
1000	
1000	
1000	
1000	
1000	
1000	
1000	
1000	
1000	
1000	
1000	
1000	
1000	
1000	
1000	
1000	
1000	
1000	
1000	
1000	
1000	
1000	
1000	
1000	
1000	
1000	
1000	
1000	
1000	
1000	
1000	
1000	
1000	
1000	
1000	
1000	
1000	
1000	
1000	
1000	
1000	
1000	
1000	
1000	
1000	
1000	
1000	
1000	
1000	
1000	
1000	
1000	
1000	
1000	
1000	
1000	
1000	
1000	
1000	
1000	
1000	
1000	
1000	
1000	
1000	
1000	
1000	
1000	
1000	
1000	
1000	
1000	
1000	
1000	
1000	
1000	
1000	
1000	
1000	
1000	
1000	
1000	
1000	
1000	
1000	
1000	
1000	
1000	
1000	
1000	
1000	
1000	
1000	
1000	
1000	
1000	
1000	
1000	
1000	
1000	
1000	
1000	
1000	
1000	
1000	
1000	
1000	
1000	
1000	
1000	
1000	
1000	
1000	
1000	
1000	
1000	
1000	
1000	
1000	
1000	
1000	
1000	
1000	
1000	
1000	
1000	
1000	
1000	
1000	
1000	
1000	
1000	
1000	
1000	
1000	
1000	
1000	
1000	
1000	
1000	
1000	
1000	
1000	
1000	
1000	
1000	
1000	
1000	
1000	
1000	
1000	
1000	
1000	
1000	
1000	
1000	
1000	
1000	
1000	
1000	
1000	
1000	
1000	
1000	
1000	
1000	
1000	
1000	
1000	
1000	
1000	
1000	
1000	
1000	
1000	
1000	
1000	
1000	
1000	
1000	
1000	
1000	
1000	
1000	
1000	
1000	
1000	
1000	
1000	
1000	
1000	
1000	
1000	
1000	
1000	
1000	
1000	
1000	
1000	
1000	
1000	
1000	
1000	
1000	
1000	
1000	
1000	
1000	
1000	
1000	
1000	
1000	
1000	
1000	
1000	
1000	
1000	
1000	
1000	
1000	
1000	
1000	
1000	
1000	
1000	
1000	
1000	
1000	
1000	
1000	
1000	
1000	
1000	
1000	
1000	
1000	
1000	
1000	
1000	
1000	
1000	
1000	
1000	
1000	
1000	
1000	
1000	
1000	
1000	
1000	
1000	
1000	
1000	
1000	
1000	
1000	
1000	
1000	
1000	
1000	
1000	
1000	
1000	
1000	
1000	
1000	
1000	
1000	
1000	
1000	
1000	
1000	
1000	
1000	
1000	
1000	
1000	
1000	
1000	
1000	
1000	
1000	
1000	
1000	
1000	
1000	
1000	
1000	
1000	
1000	
1000	
1000	
1000	
1000	
1000	
1000	
1000	
1000	
1000	
1000	
1000	
1000	
1000	
1000	
1000	
1000	
1000	
1000	
1000	
1000	
1000	
1000	
1000	
1000	
1000	
1000	
1000	
1000	
1000	
1000	
1000	
1000	
1000	
1000	
1000	
1000	
1000	
1000	
1000	
1000	
1000	
1000	
1000	
1000	
1000	
1000	
1000	
1000	
1000	
1000	
1000	
1000	
1000	
1000	
1000	
1000	
1000	
1000	
1000	
1000	
1000	
1000	
1000	
1000	
1000	
1000	
1000	
1000	
1000	
1000	
1000	
1000	
1000	
1000	
1000	
1000	
1000	
1000	
1000	
1000	
1000	
1000	
1000	
1000	
1000	
1000	
1000	
1000	
1000	
1000	
1000	
1000	
1000	
1000	
1000	
1000	
1000	
1000	
1000	
1000	
1000	
1000	
1000	
1000	
1000	
1000	
1000	
1000	
1000	
1000	
1000	
1000	
1000	
1000	
1000	
1000	
1000	
1000	
1000	
1000	
1000	
1000	
1000	
1000	
1000	
1000	
1000	
1000	
1000	
1000	
1000	
1000	
1000	
1000	
1000	
1000	
1000	
1000	
1000	
1000	
1000	
1000	
1000	
1000	
1000	
1000	
1000	
1000	
1000	
1000	
1000	
1000	
1000	
1000	
1000	
1000	
1000	
1000	
1000	
1000	
1000	
1000	
1000	
1000	
1000	
1000	
1000	
1000	
1000	
1000	
1000	
1000	
1000	
1000	
1000	
1000	
1000	
1000	
1000	
1000	
1000	
1000	
1000	
1000	
1000	
1000	
1000	
1000	
1000	
1000	
1000	
1000	
1000	
1000	
1000	
1000	
1000	
1000	
1000	
1000	
1000	
1000	
1000	
1000	
1000	
1000	
1000	
1000	
1000	
1000	
1000	
1000	
1000	
1000	
1000	
1000	
1000	
1000	
1000	
1000	
1000	
1000	
1000	
1000	
1000	
1000	
1000	
1000	
1000	
1000	
1000	
1000	
1000	
1000	
1000	
1000	
1000	
1000	
1000	
1000	
1000	
1000	
1000	
1000	
1000	
1000	
1000	
1000	
1000	
1000	
1000	
1000	
1000	
1000	
1000	
1000	
1000	
1000	
1000	
1000	
1000	
1000	
1000	
1000	
1000	
1000	
1000	
1000	
1000	
1000	
1000	
1000	
1000	
1000	
1000	
1000	
1000	
1000	
1000	
1000	
1000	
1000	
1000	
1000	
1000	
1000	
1000	
1000	
1000	
1000	
1000	
1000	
1000	
1000	
1000	
1000	
1000	
1000	
1000	
1000	
1000	
1000	
1000	
1000	
1000	
1000	
1000	
1000	
1000	
1000	
1000	
1000	
1000	
1000	
1000	
1000	
1000	
1000	
1000	
1000	
1000	
1000	
1000	
1000	
1000	
1000	
1000	
1000	
1000	
1000	
1000	
1000	
1000	
1000	
1000	
1000	
1000	
1000	
1000	
1000	
1000	
1000	
1000	
1000	
1000	
1000	
1000	
1000	
1000	
1000	
1000	
1000	
1000	
1000	
1000	
1000	
1000	
1000	
1000	
1000	
1000	
1000	
1000	
1000	
1000	
1000	
1000	
1000	
1000	
1000	
1000	
1000	
1000	
1000	
1000	
1000	
1000	
1000	
1000	
1000	
1000	
1000	
1000	
1000	
1000	
1000	
1000	
1000	
1000	
1000	
1000	
1000	
1000	
1000	
1000	
1000	
1000	
1000	
1000	
1000	
1000	
1000	
1000	
1000	
1000	
1000	
1000	
1000	
1000	
1000	
1000	
1000	
1000	
1000	
1000	
1000	
1000	
1000	
1000	
1000	
1000	
1000	
1000	
1000	
1000	
1000	
1000	
1000	
1000	
1000	
1000	
1000	
1000	
1000	
1000	
1000	
1000	
1000	
1000	
1000	
1000	
1000	
1000	
1000	
1000	
1000	
1000	
1000	
1000	
1000	
1000	
1000	
1000	
1000	
1000	
1000	
1000	
1000	
1000	
1000	
1000	
1000	
1000	
1000	
1000	
1000	
1000	
1000	
1000	
1000	
1000	
1000	
1000	
1000	
1000	
1000	
1000	
1000	
1000	
1000	
1000	
1000	
1000	
1000	
1000	
1000	
1000	
1000	
1000	
1000	
1000	
1000	
1000	
1000	
1000	
1000	
1000	
1000	
1000	
1000	
1000	
1000	
1000	
1000	
1000	
1000	
1000	
1000	
1000	
1000	
1000	
1000	
1000	
1000	
1000	
1000	
1000	
1000	
1000	
1000	
1000	
1000	
1000	
1000	
1000	
1000	
1000	
1000	
1000	
1000	
1000	
1000	
1000	
1000	
1000	
1000	
1000	
1000	
1000	
1000	
1000	
1000	
1000	
1000	
1000	
1000	
1000	
1000	
1000	
1000	
1000	
1000	
1000	
1000	
1000	
1000	
1000	
1000	
1000	
1000	
1000	
1000	
1000	
1000	
1000	
1000	
1000	
1000	
1000	
1000	
1000	
1000	
1000	
1000	
1000	
1000	
1000	
1000	
1000	
1000	
1000	
1000	
1000	
1000	
1000	
1000	
1000	
1000	
1000	
1000	
1000	
1000	
1000	
1000	
1000	
1000	
1000	
1000	
1000	
1000	
1000	
1000	
1000	
1000	
1000	
1000	
1000	
1000	
1000	
1000	
1000	
1000	
1000	
1000	
1000	
1000	
1000	
1000	
1000	
1000	
1000	
1000	
1000	
1000	
1000	
1000	
1000	
1000	
1000	
1000	
1000	
1000	
1000	
1000	
1000	
1000	
1000	
1000	
1000	
1000	
1000	
1000	
1000	
1000	
1000	
1000	
1000	
1000	
1000	
1000	
1000	
1000	
1000	
1000	
1000	
1000	
1000	
1000	
1000	
1000	
1000	
1000	
1000	
1000	
1000	
1000	
1000	
1000	
1000	
1000	
1000	
1000	
1000	
1000	
1000	
1000	
1000	
1000	
1000	
1000	
1000	
1000	
1000	
1000	
1000	
1000	
1000	
1000	
1000	
1000	
1000	
1000	
1000	
1000	
1000	
1000	
1000	
1000	
1000	
1000	
1000	
1000	
1000	
1000	
1000	
1000	
1000	
1000	
1000	
1000	
1000	
1000	
1000	
1000	
1000	
1000	
1000	
1000	
1000	
1000	
1000	
1000	
1000	
1000	
1000	
1000	
1000	
1000	
1000	
1000	
1000	
1000	
1000	
1000	
1000	
1000	
1000	
1000	
1000	
1000	
1000	
1000	
1000	
1000	
1000	
1000	
1000	
1000	
1000	
1000	
1000	
1000	
1000	
1000	
1000	
1000	
1000	
1000	
1000	
1000	
1000	
1000	
1000	
1000	
1000	
1000	
1000	
1000	
1000	
1000	
1000	
1000	
1000	
1000	
1000	
1000	
1000	
1000	
1000	
1000	
1000	
1000	
1000	
1000	
1000	
1000	
1000	
1000	
1000	
1000	
1000	
1000	
1000	
1000	
1000	
1000	
1000	
1000	
1000	
1000	
1000	
1000	
1000	
1000	
1000	
1000	
1000	
1000	
1000	
1000	
1000	
1000	
1000	
1000	
1000	
1000	
1000	
1000	
1000	
1000	
1000	
1000	
1000	
1000	
1000	
1000	
1000	
1000	
1000	
1000	
1000	
1000	
1000	
1000	
1000	
1000	
1000	
1000	
1000	
1000	
1000	
1000	
1000	
1000	
1000	
1000	
1000	
1000	
1000	
1000	
1000	
1000	
1000	
1000	
1000	
1000	
1000	
1000	
1000	
1000	
1000	
1000	
1000	
1000	
1000	
1000	
1000	
1000	
1000	
1000	
1000	
1000	
1000	
1000	
1000	
1000	
1000	
1000	
1000	
1000	
1000	
1000	
1000	
1000	
1000	
1000	
1000	
1000	
1000	
1000	
1000	
1000	
1000	
1000	
1000	
1000	
1000	
1000	
1000	
1000	
1000	
1000	
1000	
1000	
1000	
1000	
1000	
1000	
1000	
1000	
1000	
1000	
1000	
1000	
1000	
1000	
1000	
1000	
1000	
1000	
1000	
1000	
1000	
1000	
1000	
1000	
1000	
1000	
1000	
1000	
1000	
1000	
1000	
1000	
1000	
1000	
1000	
1000	
1000	
1000	
1000	
1000	
1000	
1000	
1000	
1000	
1000	
1000	
1000	
1000	
1000	
1000	
1000	
1000	
1000	
1000	
1000	
1000	
1000	
1000	
1000	
1000	
1000	
1000	
1000	
1000	
1000	
1000	
1000	
1000	
1000	
1000	
1000	
1000	
1000	
1000	
1000	
1000	
1000	
1000	
1000	
1000	
1000	
1000	
1000	
1000	
1000	
1000	
1000	
1000	
1000	
1000	
1000	
1000	
1000	
1000	
1000	
1000	
1000	
1000	
1000	
1000	
1000	
1000	
1000	
1000	
1000	
1000	
1000	
1000	
1000	
1000	
1000	
1000	
1000	
1000	
1000	
1000	
1000	
1000	
1000	
1000	
1000	
1000	
1000	
1000	
1000	
1000	
1000	
1000	
1000	
1000	
1000	
1000	
1000	
1000	
1000	
1000	
1000	
1000	
1000	
1000	
1000	
1000	
1000	
1000	
1000	
1000	
1000	
1000	
1000	
1000	
1000	
1000	
1000	
1000	
1000	
1000	
1000	
1000	
1000	
1000	
1000	
1000	
1000	
1000	
1000	
1000	
1000	
1000	
1000	
1000	
1000	
1000	
1000	
1000	
1000	
1000	
1000	
1000	
1000	
1000	
1000	
1000	
1000	
1000	
1000	
1000	
1000	
1000	
1000	
1000	
1000	
1000	
1000	
1000	
1000	
1000	
1000	
1000	
1000	
1000	
1000	
1000	
1000	
1000	
1000	
1000	
1000	
1000	
1000	
1000	
1000	
1000	
1000	
1000	
1000	
1000	
1000	
1000	
1000	
1000	
1000	
1000	
1000	
1000	
1000	
1000	
1000	
1000	
1000	
1000	
1000	
1000	
1000	
1000	
1000	
1000	
1000	
1000	
1000	
1000	
1000	
1000	
1000	
1000	
1000	
1000	
1000	
1000	
1000	
1000	
1000	
1000	
1000	
1000	
1000	
1000	
1000	
1000	
1000	
1000	
1000	
1000	
1000	
1000	
1000	
1000	
1000	
1000	
1000	
1000	
1000	
1000	
1000	
1000	
1000	
1000	
1000	
1000	
1000	
1000	
1000	
1000	
1000	
1000	
1000	
1000	
1000	
1000	
1000	
1000	
1000	
1000	
1000	
1000	
1000	
1000	
1000	
1000	
1000	
1000	
1000	
1000	
1000	
1000	
1000	
1000	
1000	
1000	
1000	
1000	
1000	
1000	
1000	
1000	
1000	
1000	
1000	
1000	
1000	
1000	
1000	
1000	
1000	
1000	
1000	
1000	
1000	
1000	
1000	
1000	
1000	
1000	
1000	
1000	
1000	
1000	
1000	
1000	
1000	
1000	
1000	
1000	
1000	
1000	
1000	
1000	
1000	
1000	
1000	
1000	
1000	
1000	
1000	
1000	
1000	
1000	
1000	
1000	
1000	
1000	
1000	
1000	
1000	
1000	
1000	
1000	
1000	
1000	
1000	
1000	
1000	
1000	
1000	
1000	
1000	
1000	
1000	
1000	
1000	
1000	
1000	
1000	
1000	
1000	
1000	
1000	
1000	
1000	
1000	
1000	
1000	
1000	
1000	
1000	
1000	
1000	
1000	
1000	
1000	
1000	
1000	
1000	
1000	
1000	
1000	
1000	
1000	
1000	
1000	
1000	
1000	
1000	
1000	
1000	
1000	
1000	
1000	
1000	
1000	
1000	
1000	
1000	
1000	
1000	
1000	
1000	
1000	
1000	
1000	
1000	
1000	
1000	
1000	
1000	
1000	
1000	
1000	
1000	
1000	
1000	
1000	
1000	
1000	
1000	
1000	
1000	
1000	
1000	
1000	
1000	
1000	
1000	
1000	
1000	
1000	
1000	
1000	
1000	
1000	
1000	
1000	
1000	
1000	
1000	
1000	
1000	
1000	
1000	
1000	
1000	
1000	
1000	
1000	
1000	
1000	
1000	
1000	
1000	
1000	
1000	
1000	
1000	
1000	
1000	
1000	
1000	
1000	
1000	
1000	
1000	
1000	
1000	
1000	
1000	
1000	
1000	
1000	
1000	
1000	
1000	
1000	
1000	
1000	
1000	
1000	
1000	
1000	
1000	
1000	
1000	
1000	
1000	
1000	
1000	
1000	
1000	
1000	
1000	
1000	
1000	
1000	
1000	
1000	
1000	
1000	
1000	
1000	
1000	
1000	
1000	
1000	
1000	
1000	
1000	
1000	
1000	
1000	
1000	
1000	
1000	
1000	
1000	
1000	
1000	
1000	
1000	
1000	
1000	
1000	
1000	
1000	
1000	
1000	
1000	
1000	
1000	
1000	
1000	
1000	
1000	
1000	
1000	
1000	
1000	
1000	
1000	
1000	
1000	
1000	
1000	
1000	
1000	
1000	
1000	
1000	
1000	
1000	
1000	
1000	
1000	
1000	
1000	
1000	
1000	
1000	
1000	
1000	
1000	
1000	
1000	
1000	
1000	
1000	
1000	
1000	
1000	
1000	
1000	
1000	
1000	
1000	
1000	
1000	
1000	
1000	
1000	
1000	
1000	
1000	
1000	
1000	
1000	
1000	
1000	
1000	
1000	
1000	
1000	
1000	
1000	
1000	
1000	
1000	
1000	
1000	
1000	
1000	
1000	
1000	
1000	
1000	
1000	
1000	
1000	
1000	
1000	
1000	
1000	
1000	
1000	
1000	
1000	
1000	
1000	
1000	
1000	
1000	
1000	
1000	
1000	
1000	
1000	
1000	
1000	
1000	
1000	
1000	
1000	
1000	
1000	
1000	
1000	
1000	
1000	
1000	
1000	
1000	
1000	
1000	
1000	
1000	
1000	
1000	
1000	
1000	
1000	
1000	
1000	
1000	
1000	
1000	
1000	
1000	
1000	
1000	
1000	
1000	
1000	
1000	
1000	
1000	
1000	
1000	
1000	
1000	
1000	
1000	
1000	
1000	
1000	
1000	
1000	
1000	
1000	
1000	
1000	
1000	
1000	
1000	
1000	
1000	
1000	
1000	
1000	
1000	
1000	
1000	
1000	
1000	
1000	
1000	
1000	
1000	
1000	
1000	
1000	
1000	
1000	
1000	
1000	
1000	
1000	
1000	
1000	
1000	
1000	
1000	
1000	
1000	
1000	
1000	
1000	
1000	
1000	
1000	
1000	
1000	
1000	
1000	
1000	
1000	
1000	
1000	
1000	
1000	
1000	
1000	
1000	
1000	
1000	
1000	
1000	
1000	
1000	
1000	
1000	
1000	
1000	
1000	
1000	
1000	
1000	
1000	
1000	
1000	
1000	
1000	
1000	
1000	
1000	
1000	
1000	
1000	
1000	
1000	
1000	
1000	
1000	
1000	
1000	
1000	
1000	
1000	
1000	
1000	
1000	
1000	
1000	
1000	
1000	
1000	
1000	
1000	
1000	
1000	
1000	
1000	
1000	
1000	
1000	
1000	
1000	
1000	
1000	
1000	
1000	
1000	
1000	
1000	
1000	
1000	
1000	
1000	
1000	
1000	
1000	
1000	
1000	
1000	
1000	
1000	
1000	
1000	
1000	
1000	
1000	
1000	
1000	
1000	
1000	
1000	
1000	
1000	
1000	
1000	
1000	
1000	
1000	
1000	
1000	
1000	
1000	
1000	
1000	
1000	
1000	
1000	
1000	
1000	
1000	
1000	
1000	
1000	
1000	
1000	
1000	
1000	
1000	
1000	
1000	
1000	
1000	
1000	
1000	
1000	
1000	
1000	
1000	
1000	
1000	
1000	
1000	
1000	
1000	
1000	
1000	
1000	
1000	
1000	
1000	
1000	
1000	
1000	
1000	
1000	
1000	
1000	
1000	
1000	
1000	
1000	
1000	
1000	
1000	
1000	
1000	
1000	
1000	
1000	
1000	
1000	
1000	
1000	
1000	
1000	
1000	
1000	
1000	
1000	
1000	
1000	
1000	
1000	
1000	
1000	
1000	
1000	
1000	
1000	
1000	
1000	
1000	
1000	
1000	
1000	
1000	
1000	
1000	
1000	
1000	
1000	
1000	
1000	
1000	
1000	
1000	
1000	
1000	
1000	
1000	
1000	
1000	
1000	
1000	
1000	
1000	
1000	
1000	
1000	
1000	
1000	
1000	
1000	
1000	
1000	
1000	
1000	
1000	
1000	
1000	
1000	
1000	
1000	
1000	
1000	
1000	
1000	
1000	
1000	
1000	
1000	
1000	
1000	
1000	
1000	
1000	
1000	
1000	
1000	
1000	
1000	
1000	
1000	
1000	
1000	
1000	
1000	
1000	
1000	
1000	
1000	
1000	
1000	
1000	
1000	
1000	
1000	
1000	
1000	
1000	
1000	
1000	
1000	
1000	
1000	
1000	
1000	
1000	
1000	
1000	
1000	
1000	
1000	
1000	
1000	
1000	
1000	
1000	
1000	
1000	
1000	
1000	
1000	
1000	
1000	
1000	
1000	
1000	
1000	
1000	
1000	
1000	
1000	
1000	
1000	
1000	
1000	
1000	
1000	
1000	
1000	
1000	
1000	
1000	
1000	
1000	
1000	
1000	
1000	
1000	
1000	
1000	
1000	
1000	
1000	
1000	
1000	
1000	
1000	
1000	
1000	
1000	
1000	
1000	
1000	
1000	
1000	
1000	
1000	
1000	
1000	
1000	
1000	
1000	
1000	
1000	
1000	
1000	
1000	
1000	
1000	
1000	
1000	
1000	
1000	
1000	
1000	
1000	
1000	
1000	
1000	
1000	
1000	
1000	
1000	
1000	
1000	
1000	
1000	
1000	
1000	
1000	
1000	
1000	
1000	
1000	
1000	
1000	
1000	
1000	
1000	
1000	
1000	
1000	
1000	
1000	
1000	
1000	
1000	
1000	
1000	
1000	
1000	
1000	
1000	
1000	
1000	
1000	
1000	
1000	
1000	
1000	
1000	
1000	
1000	
1000	
1000	
1000	
1000	
1000	
1000	
1000	
1000	
1000	
1000	
1000	
1000	
1000	
1000	
1000	
1000	
1000	
1000	
1000	
1000	
1000	
1000	
1000	
1000	
1000	
1000	
1000	
1000	
1000	
1000	
1000	
1000	
1000	
1000	
1000	
1000	
1000	
1000	
1000	
1000	
1000	
1000	
1000	
1000	
1000	
1000	
1000	
1000	
1000	
1000	
1000	
1000	
1000	
1000	
1000	
1000	
1000	
1000	
1000	
1000	
1000	
1000	
1000	
1000	
1000	
1000	
1000	
1000	
1000	
1000	
1000	
1000	
1000	
1000	
1000	
1000	
1000	
1000	
1000	
1000	
1000	
1000	
1000	
1000	
1000	
1000	
1000	
1000	
1000	
1000	
1000	
1000	
1000	
1000	
1000	
1000	
1000	
1000	
1000	
1000	
1000	
1000	
1000	
1000	
1000	
1000	
1000	
1000	
1000	
1000	
1000	
1000	
1000	
1000	
1000	
1000	
1000	
1000	
1000	
1000	
1000	
1000	
1000	
1000	
1000	
1000	
1000	
1000	
1000	
1000	
1000	
1000	
1000	
1000	
1000	
1000	
1000	
1000	
1000	
1000	
1000	
1000	
1000	
1000	
1000	
1000	
1000	
1000	
1000	
1000	
1000	
1000	
1000	
1000	
1000	
1000	
1000	
1000	
1000	
1000	
1000	
1000	
1000	
1000	
1000	
1000	
1000	
1000	
1000	
1000	
1000	
1000	
1000	
1000	
1000	
1000	
1000	
1000	
1000	
1000	
1000	
1000	
1000	
1000	
1000	
1000	
1000	
1000	
1000	
1000	
1000	
1000	
1000	
1000	
1000	
1000	
1000	
1000	
1000	
1000	
1000	
1000	
1000	
1000	
1000	
1000	
1000	
1000	
1000	
1000	
1000	
1000	
1000	
1000	
1000	
1000	
1000	
1000	
1000	
1000	
1000	
1000	
1000	
1000	
1000	
1000	
1000	
1000	
1000	
1000	
1000	
1000	
1000	
1000	
1000	
1000	
1000	
1000	
1000	
1000	
1000	
1000	
1000	
1000	
1000	
1000	
1000	
1000	
1000	
1000	
1000	
1000	
1000	
1000	
1000	
1000	
1000	
1000	
1000	
1000	
1000	
1000	
1000	
1000	
1000	
1000	
1000	
1000	
1000	
1000	
1000	
1000	
1000	
1000	
1000	
1000	
1000	
1000	
1000	
1000	
1000	
1000	
1000	
1000	
1000	
1000	
1000	
1000	
1000	
1000	
1000	
1000	
1000	
1000	
1000	
1000	
1000	
1000	
1000	
1000	
1000	
1000	
1000	
1000	
1000	
1000	
1000	
1000	
1000	
1000	
1000	
1000	
1000	
1000	
1000	
1000	
1000	
1000	
1000	
1000	
1000	
1000	
1000	
1000	
1000	
1000	
1000	
1000	
1000	
1000	
1000	
1000	
1000	
1000	
1000	
1000	
1000	
1000	
1000	
1000	
1000	
1000	
1000	
1000	
1000	
1000	
1000	
1000	
1000	
1000	
1000	
1000	
1000	
1000	
1000	
1000	
1000	
1000	
1000	
1000	
1000	
1000	
1000	
1000	
1000	
1000	
1000	
1000	
1000	
1000	
1000	
1000	
1000	
1000	
1000	
1000	
1000	
1000	
1000	
1000	
1000	
1000	
1000	
1000	
1000	
1000	
1000	
1000	
1000	
1000	
1000	
1000	
1000	
1000	
1000	
1000	
1000	
1000	
1000	
1000	
1000	
1000	
1000	
1000	
1000	
1000	
1000	
1000	
1000	
1000	
1000	
1000	
1000	
1000	
1000	
1000	
1000	
1000	
1000	
1000	
1000	
1000	
1000	
1000	
1000	
1000	
1000	
1000	
1000	
1000	
1000	
1000	
1000	
1000	
1000	
1000	
1000	
1000	
1000	
1000	
1000	
1000	
1000	
1000	
1000	
1000	
1000	
1000	
1000	
1000	
1000	
1000	
1000	
1000	
1000	
1000	
1000	
1000	
1000	
1000	
1000	
1000	
1000	
1000	
1000	
1000	
1000	
1000	
1000	
1000	
1000	
1000	
1000	
1000	
1000	
1000	
1000	
1000	
1000	
1000	
1000	
1000	
1000	
1000	
1000	
1000	
1000	
1000	
1000	
1000	
1000	
1000	
1000	
1000	
1000	
1000	
1000	
1000	
1000	
1000	
1000	
1000	
1000	
1000	
1000	
1000	
1000	
1000	
1000	
1000	
1000	
1000	
1000	
1000	
1000	
1000	
1000	
1000	
1000	
1000	
1000	
1000	
1000	
1000	
1000	
1000	
1000	
1000	
1000	
1000	
1000	
1000	
1000	
1000	
1000	
1000	
1000	
1000	
1000	
1000	
1000	
1000	
1000	
1000	
1000	
1000	
1000	
1000	
1000	
1000	
1000	
1000	
1000	
1000	
1000	
1000	
1000	
1000	
1000	
1000	
1000	
1000	
1000	
1000	
1000	
1000	
1000	
1000	
1000	
1000	
1000	
1000	
1000	
1000	
1000	
1000	
1000	
1000	
1000	
1000	
1000	
1000	
1000	
1000	
1000	
1000	
1000	
1000	
1000	
1000	
1000	
1000	
1000	
1000	
1000	
1000	
1000	
1000	
1000	
1000	
1000	
1000	
1000	
1000	
1000	
1000	
1000	
1000	
1000	
1000	
1000	
1000	
1000	
1000	
1000	
1000	
1000	
1000	
1000	
1000	
1000	
1000	
1000	
1000	
1000	
1000	
1000	
1000	
1000	
1000	
1000	
1000	
1000	
1000	
1000	
1000	
1000	
1000	
1000	
1000	
1000	
1000	
1000	
1000	
1000	
1000	
1000	
1000	
1000	
1000	
1000	
1000	
1000	
1000	
1000	
1000	
1000	
1000	
1000	
1000	
1000	
1000	
1000	
1000	
1000	
1000	
1000	
1000	
1000	
1000	
1000	
1000	
1000	
1000	
1000	
1000	
1000	
1000	
1000	
1000	
1000	
1000	
1000	
1000	
1000	
1000	
1000	
1000	
1000	
1000	
1000	
1000	
1000	
1000	
1000	
1000	
1000	
1000	
1000	
1000	
1000	
1000	
1000	
1000	
1000	
1000	
1000	
1000	
1000	
1000	
1000	
1000	
1000	
1000	
1000	
1000	
1000	
1000	
1000	
1000	
1000	
1000	
1000	
1000	
1000	
1000	
1000	
1000	
1000	
1000	
1000	
1000	
1000	
1000	
1000	
1000	
1000	
1000	
1000	
1000	
1000	
1000	
1000	
1000	
1000	
1000	
1000	
1000	
1000	
1000	
1000	
1000	
1000	
1000	
1000	
1000	
1000	
1000	
1000	
1000	
1000	
1000	
1000	
1000	
1000	
1000	
1000	
1000	
1000	
1000	
1000	
1000	
1000	
1000	
1000	
1000	
1000	
1000	
1000	
1000	
1000	
1000	
1000	
1000	
1000	
1000	
1000	
1000	
1000	
1000	
1000	
1000	
1000	
1000	
1000	
1000	
1000	
1000	
1000	
1000	
1000	
1000	
1000	
1000	
1000	
1000	
1000	
1000	
1000	
1000	
1000	
1000	
1000	
1000	
1000	
1000	
1000	
1000	
1000	
1000	
1000	
1000	
1000	
1000	
1000	
1000	
1000	
1000	
1000	
1000	
1000	
1000	
1000	
1000	
1000	
1000	
1000	
1000	
1000	
1000	
1000	
1000	
1000	
1000	
1000	
1000	
1000	
1000	
1000	
1000	
1000	
1000	
1000	
1000	
1000	
1000	
1000	
1000	
1000	
1000	
1000	
1000	
1000	
1000	
1000	
1000	
1000	
1000	
1000	
1000	
1000	
1000	
1000	
1000	
1000	
1000	
1000	
1000	
1000	
1000	
1000	
1000	
1000	
1000	
1000	
1000	
1000	
1000	
1000	
1000	
1000	
1000	
1000	
1000	
1000	
1000	
1000	
1000	
1000	
1000	
1000	
1000	
1000	
1000	
1000	
1000	
1000	
1000	
1000	
1000	
1000	
1000	
1000	
1000	
1000	
1000	
1000	
1000	
1000	
1000	
1000	
1000	
1000	
1000	
1000	
1000	
1000	
1000	
1000	
1000	
1000	
1000	
1000	
1000	
1000	
1000	
1000	
1000	
1000	
1000	
1000	
1000	
1000	
1000	
1000	
1000	
1000	
1000	
1000	
1000	
1000	
1000	
1000	
1000	
1000	
1000	
1000	
1000	
1000	
1000	
1000	
1000	
1000	
1000	
1000	
1000	
1000	
1000	
1000	
1000	
1000	
1000	
1000	
1000	
1000	
1000	
1000	
1000	
1000	
1000	
1000	
1000	
1000	
1000	
1000	
1000	
1000	
1000	
1000	
1000	
1000	
1000	
1000	
1000	
1000	
1000	
1000	
1000	
1000	
1000	
1000	
1000	
1000	
1000	
1000	
1000	
1000	
1000	
1000	
1000	
1000	
1000	
1000	
1000	
1000	
1000	
1000	
1000	
1000	
1000	
1000	
1000	
1000	
1000	
1000	
1000	
1000	
1000	
1000	
1000	
1000	
1000	
1000	
1000	
1000	
1000	
1000	
1000	
1000	
1000	
1000	
1000	
1000	
1000	
1000	
1000	
1000	
1000	
1000	
1000	
1000	
1000	
1000	
1000	
1000	
1000	
1000	
1000	
1000	
1000	
1000	
1000	
1000	
1000	
1000	
1000	
1000	
1000	
1000	
1000	
1000	
1000	
1000	
1000	
1000	
1000	
1000	
1000	
1000	
1000	
1000	
1000	
1000	
1000	
1000	
1000	
1000	
1000	
1000	
1000	
1000	
1000	
1000	
1000	
1000	
1000	
1000	
1000	
1000	
1000	
1000	
1000	
1000	
1000	
1000	
1000	
1000	
1000	
1000	
1000	
1000	
1000	
1000	
1000	
1000	
1000	
1000	
1000	
1000	
1000	
1000	
1000	
1000	
1000	
1000	
1000	
1000	
1000	
1000	
1000	
1000	
1000	
1000	
1000	
1000	
1000	
1000	
1000	
1000	
1000	
1000	
1000	
1000	
1000	
1000	
1000	
1000	
1000	
1000	
1000	
1000	
1000	
1000	
1000	
1000	
1000	
1000	
1000	
1000	
1000	
1000	
1000	
1000	
1000	
1000	
1000	
1000	
1000	
1000	
1000	
1000	
1000	
1000	
1000	
1000	
1000	
1000	
1000	
1000	
1000	
1000	
1000	
1000	
1000	
1000	
1000	
1000	
1000	
1000	
1000	
1000	
1000	
1000	
1000	
1000	
1000	
1000	
1000	
1000	
1000	
1000	
1000	
1000	
1000	
1000	
1000	
1000	
1000	
1000	
1000	
1000	
1000	
1000	
1000	
1000	
1000	
1000	
1000	
1000	
1000	
1000	
1000	
1000	
1000	
1000	
1000	
1000	
1000	
1000	
1000	
1000	
1000	
1000	
1000	
1000	
1000	
1000	
1000	
1000	
1000	
1000	
1000	
1000	
1000	
1000	
1000	
1000	
1000	
1000	
1000	
1000	
1000	
1000	
1000	
1000	
1000	
1000	
1000	
1000	
1000	
1000	
1000	
1000	
1000	
1000	
1000	
1000	
1000	
1000	
1000	
1000	
1000	
1000	
1000	
1000	
1000	
1000	
1000	
1000	
1000	
1000	
1000	
1000	
1000	
1000	
1000	
1000	
1000	
1000	
1000	
1000	
1000	
1000	
1000	
1000	
1000	
1000	
1000	
1000	
1000	
1000	
1000	
1000	
1000	
1000	
1000	
1000	
1000	
1000	
1000	
1000	
1000	
1000	
1000	
1000	
1000	
1000	
1000	
1000	
1000	
1000	
1000	
1000	
1000	
1000	
1000	
1000	
1000	
1000	
1000	
1000	
1000	
1000	
1000	
1000	
1000	
1000	
1000	
1000	
1000	
1000	
1000	
1000	
1000	
1000	
1000	
1000	
1000	
1000	
1000	
1000	
1000	
1000	
1000	
1000	
1000	
1000	
1000	
1000	
1000	
1000	
1000	
1000	
1000	
1000	
1000	
1000	
1000	
1000	
1000	
1000	
1000	
1000	
1000	
1000	
1000	
1000	
1000	
1000	
1000	
1000	
1000	
1000	
1000	
1000	
1000	
1000	
1000	
1000	
1000	
1000	
1000	
1000	
1000	
1000	
1000	
1000	
1000	
1000	
1000	
1000	
1000	
1000	
1000	
1000	
1000	
1000	
1000	
1000	
1000	
1000	
1000	
1000	
1000	
1000	
1000	
1000	
1000	
1000	
1000	
1000	
1000	
1000	
1000	
1000	
1000	
1000	
1000	
1000	
1000	
1000	
1000	
1000	
1000	
1000	
1000	
1000	
1000	
1000	
1000	
1000	
1000	
1000	
1000	
1000	
1000	
1000	
1000	
1000	
1000	
1000	
1000	
1000	
1000	
1000	
1000	
1000	
1000	
1000	
1000	
1000	
1000	
1000	
1000	
1000	
1000	
1000	
1000	
1000	
1000	
1000	
1000	
1000	
1000	
1000	
1000	
1000	
1000	
1000	
1000	
1000	
1000	
1000	
1000	
1000	
1000	
1000	
1000	
1000	
1000	
1000	
1000	
1000	
1000	
1000	
1000	
1000	
1000	
1000	
1000	
1000	
1000	
1000	
1000	
1000	
1000	
1000	
1000	
1000	
1000	
1000	
1000	
1000	
1000	
1000	
1000	
1000	
1000	
1000	
1000	
1000	
1000	
1000	
1000	
1000	
1000	
1000	
1000	
1000	
1000	
1000	
1000	
1000	
1000	
1000	
1000	
1000	
1000	
1000	
1000	
1000	
1000	
1000	
1000	
1000	
1000	
1000	
1000	
1000	
1000	
1000	
1000	
1000	
1000	
1000	
1000	
1000	
1000	
1000	
1000	
1000	
1000	
1000	
1000	
1000	
1000	
1000	
1000	
1000	
1000	
1000	
1000	
1000	
1000	
1000	
1000	
1000	
1000	
1000	
1000	
1000	
1000	
1000	
1000	
1000	
1000	
1000	
1000	
1000	
1000	
1000	
1000	
1000	
1000	
1000	
1000	
1000	
1000	
1000	
1000	
1000	
1000	
1000	
1000	
1000	
1000	
1000	
1000	
1000	
1000	
1000	
1000	
1000	
1000	
1000	
1000	
1000	
1000	
1000	
1000	
1000	
1000	
1000	
1000	
1000	
1000	
1000	
1000	
1000	
1000	
1000	
1000	
1000	
1000	
1000	
1000	
1000	
1000	
1000	
1000	
1000	
1000	
1000	
1000	
1000	
1000	
1000	
1000	
1000	
1000	
1000	
1000	
1000	
1000	
1000	
1000	
1000	
1000	
1000	
1000	
1000	
1000	
1000	
1000	
1000	
1000	
1000	
1000	
1000	
1000	
1000	
1000	
1000	
1000	
1000	
1000	
1000	
1000	
1000	
1000	
1000	
1000	
1000	
1000	
1000	
1000	
1000	
1000	
1000	
1000	
1000	
1000	
1000	
1000	
1000	
1000	
1000	
1000	
1000	
1000	
1000	
1000	
1000	
1000	
1000	
1000	
1000	
1000	
1000	
1000	
1000	
1000	
1000	
1000	
1000	
1000	
1000	
1000	
1000	
1000	
1000	
1000	
1000	
1000	
1000	
1000	
1000	
1000	
1000	
1000	
1000	
1000	
1000	
1000	
1000	
1000	
1000	
1000	
1000	
1000	
1000	
1000	
1000	
1000	
1000	
1000	
1000	
1000	
1000	
1000	
1000	
1000	
1000	
1000	
1000	
1000	
1000	
1000	
1000	
1000	
1000	
1000	
1000	
1000	
1000	
1000	
1000	
1000	
1000	
1000	
1000	
1000	
1000	
1000	
1000	
1000	
1000	
1000	
1000	
1000	
1000	
1000	
1000	
1000	
1000	
1000	
1000	
1000	
1000	
1000	
1000	
1000	
1000	
1000	
1000	
1000	
1000	
1000	
1000	
1000	
1000	
1000	
1000	
1000	
1000	
1000	
1000	
1000	
1000	
1000	
1000	
1000	
1000	
1000	
1000	
1000	
1000	
1000	
1000	
1000	
1000	
1000	
1000	
1000	
1000	
1000	
1000	
1000	
1000	
1000	
1000	
1000	
1000	
1000	
1000	
1000	
1000	
1000	
1000	
1000	
1000	
1000	
1000	
1000	
1000	
1000	
1000	
1000	
1000	
1000	
1000	
1000	
1000	
1000	
1000	
1000	
1000	
1000	
1000	
1000	
1000	
1000	
1000	
1000	
1000	
1000	
1000	
1000	
1000	
1000	
1000	
1000	
1000	
1000	
1000	
1000	
1000	
1000	
1000	
1000	
1000	
1000	
1000	
1000	
1000	
1000	
1000	
1000	
1000	
1000	
1000	
1000	
1000	
1000	
1000	
1000	
1000	
1000	
1000	
1000	
1000	
1000	
1000	
1000	
1000	
1000	
1000	
1000	
1000	
1000	
1000	
1000	
1000	
1000	
1000	
1000	
1000	
1000	
1000	
1000	
1000	
1000	
1000	
1000	
1000	
1000	
1000	
1000	
1000	
1000	
1000	
1000	
1000	
1000	
1000	
1000	
1000	
1000	
1000	
1000	
1000	
1000	
1000	
1000	
1000	
1000	
1000	
1000	
1000	
1000	
1000	
1000	
1000	
1000	
1000	
1000	
1000	
1000	
1000	
1000	
1000	
1000	
1000	
1000	
1000	
1000	
1000	
1000	
1000	
1000	
1000	
1000	
1000	
1000	
1000	
1000	
1000	
1000	
1000	
1000	
1000	
1000	
1000	
1000	
1000	
1000	
1000	
1000	
1000	
1000	
1000	
1000	
1000	
1000	
1000	
1000	
1000	
1000	
1000	
1000	
1000	
1000	
1000	
1000	
1000	
1000	
1000	
1000	
1000	
1000	
1000	
1000	
1000	
1000	
1000	
1000	
1000	
1000	
1000	
1000	
1000	
1000	
1000	
1000	
1000	
1000	
1000	
1000	
1000	
1000	
1000	
1000	
1000	
1000	
1000	
1000	
1000	
1000	
1000	
1000	
1000	
1000	
1000	
1000	
1000	
1000	
1000	
1000	
1000	
1000	
1000	
1000	
1000	
1000	
1000	
1000	
1000	
1000	
1000	
1000	
1000	
1000	
1000	
1000	
1000	
1000	
1000	
1000	
1000	
1000	
1000	
1000	
1000	
1000	
1000	
1000	
1000	
1000	
1000	
1000	
1000	
1000	
1000	
1000	
1000	
1000	
1000	
1000	
1000	
1000	
1000	
1000	
1000	
1000	
1000	
1000	
1000	
1000	
1000	
1000	
1000	
1000	
1000	
1000	
1000	
1000	
1000	
1000	
1000	
1000	
1000	
1000	
1000	
1000	
1000	
1000	
1000	
1000	
1000	
1000	
1000	
1000	
1000	
1000	
1000	
1000	
1000	
1000	
1000	
1000	
1000	
1000	
1000	
1000	
1000	
1000	
1000	
1000	
1000	
1000	
1000	
1000	
1000	
1000	
1000	
1000	
1000	
1000	
1000	
1000	
1000	
1000	
1000	
1000	
1000	
1000	
1000	
1000	
1000	
1000	
1000	
1000	
1000	
1000	
1000	
1000	
1000	
1000	
1000	
1000	
1000	
1000	
1000	
1000	
1000	
1000	
1000	
1000	
1000	
1000	
1000	
1000	
1000	
1000	
1000	
1000	
1000	
1000	
1000	
1000	
1000	
1000	
1000	
1000	
1000	
1000	
1000	
1000	
1000	
1000	
1000	
1000	
1000	
1000	
1000	
1000	
1000	
1000	
1000	
1000	
1000	
1000	
1000	
1000	
1000	
1000	
1000	
1000	
1000	
1000	
1000	
1000	
1000	
1000	
1000	
1000	
1000	
1000	
1000	
1000	
1000	
1000	
1000	
1000	
1000	
1000	
1000	
1000	
1000	
1000	
1000	
1000	
1000	
1000	
1000	
1000	
1000	
1000	
1000	
1000	
1000	
1000	
1000	
1000	
1000	
1000	
1000	
1000	
1000	
1000	
1000	
1000	
1000	
1000	
1000	
1000	
1000	
1000	
1000	
1000	
1000	
1000	
1000	
1000	
1000	
1000	
1000	
1000	
1000	
1000	
1000	
1000	
1000	
1000	
1000	
1000	
1000	
1000	
1000	
1000	
1000	
1000	
1000	
1000	
1000	
1000	
1000	
1000	
1000	
1000	
1000	
1000	
1000	
1000	
1000	
1000	
1000	
1000	
1000	
1000	
1000	
1000	
1000	
1000	
1000	
1000	
1000	
1000	
1000	
1000	
1000	
1000	
1000	
1000	
1000	
1000	
1000	
1000	
1000	
1000	
1000	
1000	
1000	
1000	
1000	
1000	
1000	
1000	
1000	
1000	
1000	
1000	
1000	
1000	
1000	
1000	
1000	
1000	
1000	
1000	
1000	
1000	
1000	
1000	
1000	
1000	
1000	
1000	
1000	
1000	
1000	
1000	
1000	
1000	
1000	
1000	
1000	
1000	
1000	
1000	
1000	
1000	
1000	
1000	
1000	
1000	
1000	
1000	
1000	
1000	
1000	
1000	
1000	
1000	
1000	
1000	
1000	
1000	
1000	
1000	
1000	
1000	
1000	
1000	
1000	
1000	
1000	
1000	
1000	
1000	
1000	
1000	
1000	
1000	
1000	
1000	
1000	
1000	
1000	
1000	
1000	
1000	
1000	
1000	
1000	
1000	
1000	
1000	
1000	
1000	
1000	
1000	
1000	
1000	
1000	
1000	
1000	
1000	
1000	
1000	
1000	
1000	
1000	
1000	
1000	
1000	
1000	
1000	
1000	
1000	
1000	
1000	
1000	
1000	
1000	
1000	
1000	
1000	
1000	
1000	
1000	
1000	
1000	
1000	
1000	
1000	
1000	
1000	
1000	
1000	
1000	
1000	
1000	
1000	
1000	
1000	
1000	
1000	
1000	
1000	
1000	
1000	
1000	
1000	
1000	
1000	
1000	
1000	
1000	
1000	
1000	
1000	
1000	
1000	
1000	
1000	
1000	
1000	
1000	
1000	
1000	
1000	
1000	
1000	
1000	
1000	
1000	
1000	
1000	
1000	
1000	
1000	
1000	
1000	
1000	
1000	
1000	
1000	
1000	
1000	
1000	
1000	
1000	
1000	
1000	
1000	
1000	
1000	
1000	
1000	
1000	
1000	
1000	
1000	
1000	
1000	
1000	
1000	
1000	
1000	
1000	
1000	
1000	
1000	
1000	
1000	
1000	
1000	
1000	
1000	
1000	
1000	
1000	
1000	
1000	
1000	
1000	
1000	
1000	
1000	
1000	
1000	
1000	
1000	
1000	
1000	
1000	
1000	
1000	
1000	
1000	
1000	
1000	
1000	
1000	
1000	
1000	
1000	
1000	
1000	
1000	
1000	
1000	
1000	
1000	
1000	
1000	
1000	
1000	
1000	
1000	
1000	
1000	
1000	
1000	
1000	
1000	
1000	
1000	
1000	
1000	
1000	
1000	
1000	
1000	
1000	
1000	
1000	
1000	
1000	
1000	
1000	
1000	
1000	
1000	
1000	
1000	
1000	
1000	
1000	
1000	
1000	
1000	
1000	
1000	
1000	
1000	
1000	
1000	
1000	
1000	
1000	
1000	
1000	
1000	
1000	
1000	
1000	
1000	
1000	
1000	
1000	
1000	
1000	
1000	
1000	
1000	
1000	
1000	
1000	
1000	
1000	
1000	
1000	
1000	
1000	
1000	
1000	
1000	
1000	
1000	
1000	
1000	
1000	
1000	
1000	
1000	
1000	
1000	
1000	
1000	
1000	
1000	
1000	
1000	
1000	
1000	
1000	
1000	
1000	
1000	
1000	
1000	
1000	
1000	
1000	
1000	
1000	
1000	
1000	
1000	
1000	
1000	
1000	
1000	
1000	
1000	
1000	
1000	
1000	
1000	
1000	
1000	
1000	
1000	
1000	
1000	
1000	
1000	
1000	
1000	
1000	
1000	
1000	
1000	
1000	
1000	
1000	
1000	
1000	
1000	
1000	
1000	
1000	
1000	
1000	
1000	
1000	
1000	
1000	
1000	
1000	
1000	
1000	
1000	
1000	
1000	
1000	
1000	
1000	
1000	
1000	
1000	
1000	
1000	
1000	
1000	
1000	
1000	
1000	
1000	
1000	
1000	
1000	
1000	
1000	
1000	
1000	
1000	
1000	
1000	
1000	
1000	
1000	
1000	
1000	
1000	
1000	
1000	
1000	
1000	
1000	
1000	
1000	
1000	
1000	
1000	
1000	
1000	
1000	
1000	
1000	
1000	
1000	
1000	
1000	
1000	
1000	
1000	
1000	
1000	
1000	
1000	
1000	
1000	
1000	
1000	
1000	
1000	
1000	
1000	
1000	
1000	
1000	
1000	
1000	
1000	
1000	
1000	
1000	
1000	
1000	
1000	
1000	
1000	
1000	
1000	
1000	
1000	
1000	
1000	
1000	
1000	
1000	
1000	
1000	
1000	
1000	
1000	
1000	
1000	
1000	
1000	
1000	
1000	
1000	
1000	
1000	
1000	
1000	
1000	
1000	
1000	
1000	
1000	
1000	
1000	
1000	
1000	
1000	
1000	
1000	
1000	
1000	
1000	
1000	
1000	
1000	
1000	
1000	
1000	
1000	
1000	
1000	
1000	
1000	
1000	
1000	
1000	
1000	
1000	
1000	
1000	
1000	
1000	
1000	
1000	
1000	
1000	
1000	
1000	
1000	
1000	
1000	
1000	
1000	
1000	
1000	
1000	
1000	
1000	
1000	
1000	
1000	
1000	
1000	
1000	
1000	
1000	
1000	
1000	
1000	
1000	
1000	
1000	
1000	
1000	
1000	
1000	
1000	
1000	
1000	
1000	
1000	
1000	
1000	
1000	
1000	
1000	
1000	
1000	
1000	
1000	
1000	
1000	
1000	
1000	
1000	
1000	
1000	
1000	
1000	
1000	
1000	
1000	
1000	
1000	
1000	
1000	
1000	
1000	
1000	
1000	
1000	
1000	
1000	
1000	
1000	
1000	
1000	
1000	
1000	
1000	
1000	
1000	
1000	
1000	
1000	
1000	
1000	
1000	
1000	
1000	
1000	
1000	
1000	
1000	
1000	
1000	
1000	
1000	
1000	
1000	
1000	
1000	
1000	
1000	
1000	
1000	
1000	
1000	
1000	
1000	
1000	
1000	
1000	
1000	
1000	
1000	
1000	
1000	
1000	
1000	
1000	
1000	
1000	
1000	
1000	
1000	
1000	
1000	
1000	
1000	
1000	
1000	
1000	
1000	
1000	
1000	
1000	
1000	
1000	
1000	
1000	
1000	
1000	
1000	
1000	
1000	
1000	
1000	
1000	
1000	
1000	
1000	
1000	
1000	
1000	
1000	
1000	
1000	
1000	
1000	
1000	
1000	
1000	
1000	
1000	
1000	
1000	
1000	
1000	
1000	
1000	
1000	
1000	
1000	
1000	
1000	
1000	
1000	
1000	
1000	
1000	
1000	
1000	
1000	
1000	
1000	
1000	
1000	
1000	
1000	
1000	
1000	
1000	
1000	
1000	
1000	
1000	
1000	
1000	
1000	
1000	
1000	
1000	
1000	
1000	
1000	
1000	
1000	
1000	
1000	
1000	
1000	
1000	
1000	
1000	
1000	
1000	
1000	
1000	
1000	
1000	
1000	
1000	
1000	
1000	
1000	
1000	
1000	
1000	
1000	
1000	
1000	
1000	
1000	
1000	
1000	
1000	
1000	
1000	
1000	
1000	
1000	
1000	
1000	
1000	
1000	
1000	
1000	
1000	
1000	
1000	
1000	
1000	
1000	
1000	
1000	
1000	
1000	
1000	
1000	
1000	
1000	
1000	
1000	
1000	
1000	
1000	
1000	
1000	
1000	
1000	
1000	
1000	
1000	
1000	
1000	
1000	
1000	
1000	
1000	
1000	
1000	
1000	
1000	
1000	
1000	
1000	
1000	
1000	
1000	
1000	
1000	
1000	
1000	
1000	
1000	
1000	
1000	
1000	
1000	
1000	
1000	
1000	
1000	
1000	
1000	
1000	
1000	
1000	
1000	
1000	
1000	
1000	
1000	
1000	
1000	
1000	
1000	
1000	
1000	
1000	
1000	
1000	
1000	
1000	
1000	
1000	
1000	
1000	
1000	
1000	
1000	
1000	
1000	
1000	
1000	
1000	
1000	
1000	
1000	
1000	
1000	
1000	
1000	
1000	
1000	
1000	
1000	
1000	
1000	
1000	
1000	
1000	
1000	
1000	
1000	
1000	
1000	
1000	
1000	
1000	
1000	
1000	
1000	
1000	
1000	
1000	
1000	
1000	
1000	
1000	
1000	
1000	
1000	
1000	
1000	
1000	
1000	
1000	
1000	
1000	
1000	
1000	
1000	
1000	
1000	
1000	
1000	
1000	
1000	
1000	
1000	
1000	
1000	
1000	
1000	
1000	
1000	
1000	
1000	
1000	
1000	
1000	
1000	
1000	
1000	
1000	
1000	
1000	
1000	
1000	
1000	
1000	
1000	
1000	
1000	
1000	
1000	
1000	
1000	
1000	
1000	
1000	
1000	
1000	
1000	
1000	
1000	
1000	
1000	
1000	
1000	
1000	
1000	
1000	
1000	
1000	
1000	
1000	
1000	
1000	
1000	
1000	
1000	
1000	
1000	
1000	
1000	
1000	
1000	
1000	
1000	
1000	
1000	
1000	
1000	
1000	
1000	
1000	
1000	
1000	
1000	
1000	
1000	
1000	
1000	
1000	
1000	
1000	
1000	
1000	
1000	
1000	
1000	
1000	
1000	
1000	
1000	
1000	
1000	
1000	
1000	
1000	
1000	
1000	
1000	
1000	
1000	
1000	
1000	
1000	
1000	
1000	
1000	
1000	
1000	
1000	
1000	
1000	
1000	
1000	
1000	
1000	
1000	
1000	
1000	
1000	
1000	
1000	
1000	
1000	
1000	
1000	
1000	
1000	
1000	
1000	
1000	
1000	
1000	
1000	
1000	
1000	
1000	
1000	
1000	
1000	
1000	
1000	
1000	
1000	
1000	
1000	
1000	
1000	
1000	
1000	
1000	
1000	
1000	
1000	
1000	
1000	
1000	
1000	
1000	
1000	
1000	
1000	
1000	
1000	
1000	
1000	
1000	
1000	
1000	
1000	
1000	
1000	
1000	
1000	
1000	
1000	
1000	
1000	
1000	
1000	
1000	
1000	
1000	
1000	
1000	
1000	
1000	
1000	
1000	
1000	
1000	
1000	
1000	
1000	
1000	
1000	
1000	
1000	
1000	
1000	
1000	
1000	
1000	
1000	
1000	
1000	
1000	
1000	
1000	
1000	
1000	
1000	
1000	
1000	
1000	
1000	
1000	
1000	
1000	
1000	
1000	
1000	
1000	
1000	
1000	
1000	
1000	
1000	
1000	
1000	
1000	
1000	
1000	
1000	
1000	
1000	
1000	
1000	
1000	
1000	
1000	
1000	
1000	
1000	
1000	
1000	
1000	
1000	
1000	
1000	
1000	
1000	
1000	
1000	
1000	
1000	
1000	
1000	
1000	
1000	
1000	
1000	
1000	
1000	
1000	
1000	
1000	
1000	
1000	
1000	
1000	
1000	
1000	
1000	
1000	
1000	
1000	
1000	
1000	
1000	
1000	
1000	
1000	
1000	
1000	
1000	
1000	
1000	
1000	
1000	
1000	
1000	
1000	
1000	
1000	
1000	
1000	
1000	
1000	
1000	
1000	
1000	
1000	
1000	
1000	
1000	
1000	
1000	
1000	
1000	
1000	
1000	
1000	
1000	
1000	
1000	
1000	
1000	
1000	
1000	
1000	
1000	
1000	
1000	
1000	
1000	
1000	
1000	
1000	
1000	
1000	
1000	
1000	
1000	
1000	
1000	
1000	
1000	
1000	
1000	
1000	
1000	
1000	
1000	
1000	
1000	
1000	
1000	
1000	
1000	
1000	
1000	
1000	
1000	
1000	
1000	
1000	
1000	
1000	
1000	
1000	
1000	
1000	
1000	
1000	
1000	
1000	
1000	
1000	
1000	
1000	
1000	
1000	
1000	
1000	
1000	
1000	
1000	
1000	
1000	
1000	
1000	
1000	
1000	
1000	
1000	
1000	
1000	
1000	
1000	
1000	
1000	
1000	
1000	
1000	
1000	
1000	
1000	
1000	
1000	
1000	
1000	
1000	
1000	
1000	
1000	
1000	
1000	
1000	
1000	
1000	
1000	
1000	
1000	
1000	
1000	
1000	
1000	
1000	
1000	
1000	
1000	
1000	
1000	
1000	
1000	
1000	
1000	
1000	
1000	
1000	
1000	
1000	
1000	
1000	
1000	
1000	
1000	
1000	
1000	
1000	
1000	
1000	
1000	
1000	
1000	
1000	
1000	
1000	
1000	
1000	
1000	
1000	
1000	
1000	
1000	
1000	
1000	
1000	
1000	
1000	
1000	
1000	
1000	
1000	
1000	
1000	
1000	
1000	
1000	
1000	
1000	
1000	
1000	
1000	
1000	
1000	
1000	
1000	
1000	
1000	
1000	
1000	
1000	
1000	
1000	
1000	
1000	
1000	
1000	
1000	
1000	
1000	
1000	
1000	
1000	
1000	
1000	
1000	
1000	
1000	
1000	
1000	
1000	
1000	
1000	
1000	
1000	
1000	
1000	
1000	
1000	
1000	
1000	
1000	
1000	
1000	
1000	
1000	
1000	
1000	
1000	
1000	
1000	
1000	
1000	
1000	
1000	
1000	
1000	
1000	
1000	
1000	
1000	
1000	
1000	
1000	
1000	
1000	
1000	
1000	
1000	
1000	
1000	
1000	
1000	
1000	
1000	
1000	
1000	
1000	
1000	
1000	
1000	
1000	
1000	
1000	
1000	
1000	
1000	
1000	
1000	
1000	
1000	
1000	
1000	
1000	
1000	
1000	
1000	
1000	
1000	
1000	
1000	
1000	
1000	
1000	
1000	
1000	
1000	
1000	
1000	
1000	
1000	
1000	
1000	
1000	
1000	
1000	
1000	
1000	
1000	
1000	
1000	
1000	
1000	
1000	
1000	
1000	
1000	
1000	
1000	
1000	
1000	
1000	
1000	
1000	
1000	
1000	
1000	
1000	
1000	
1000	
1000	
1000	
1000	
1000	
1000	
1000	
1000	
1000	
1000	
1000	
1000	
1000	
1000	
1000	
1000	
1000	
1000	
1000	
1000	
1000	
1000	
1000	
1000	
1000	
1000	
1000	
1000	
1000	
1000	
1000	
1000	
1000	
1000	
1000	
1000	
1000	
1000	
1000	
1000	
1000	
1000	
1000	
1000	
1000	
1000	
1000	
1000	
1000	
1000	
1000	
1000	
1000	
1000	
1000	
1000	
1000	
1000	
1000	
1000	
1000	
1000	
1000	
1000	
1000	
1000	
1000	
1000	
1000	
1000	
1000	
1000	
1000	
1000	
1000	
1000	
1000	
1000	
1000	
1000	
1000	
1000	
1000	
1000	
1000	
1000	
1000	
1000	
1000	
1000	
1000	
1000	
1000	
1000	
1000	
1000	
1000	
1000	
1000	
1000	
1000	
1000	
1000	
1000	
1000	
1000	
1000	
1000	
1000	
1000	
1000	
1000	
1000	
1000	
1000	
1000	
1000	
1000	
1000	
1000	
1000	
1000	
1000	
1000	
1000	
1000	
1000	
1000	
1000	
1000	
1000	
1000	
1000	
1000	
1000	
1000	
1000	
1000	
1000	
1000	
1000	
1000	
1000	
1000	
1000	
1000	
1000	
1000	
1000	
1000	
1000	
1000	
1000	
1000	
1000	
1000	
1000	
1000	
1000	
1000	
1000	
1000	
1000	
1000	
1000	
1000	
1000	
1000	
1000	
1000	
1000	
1000	
1000	
1000	
1000	
1000	
1000	
1000	
1000	
1000	
1000	
1000	
1000	
1000	
1000	
1000	
1000	
1000	
1000	
1000	
1000	
1000	
1000	
1000	
1000	
1000	
1000	
1000	
1000	
1000	
1000	
1000	
1000	
1000	
1000	
1000	
1000	
1000	
1000	
1000	
1000	
1000	
1000	
1000	
1000	
1000	
1000	
1000	
1000	
1000	
1000	
1000	
1000	
1000	
1000	
1000	
1000	
1000	
1000	
1000	
1000	
1000	
1000	
1000	
1000	
1000	
1000	
1000	
1000	
1000	
1000	
1000	
1000	
1000	
1000	
1000	
1000	
1000	
1000	
1000	
1000	
1000	
1000	
1000	
1000	
1000	
1000	
1000	
1000	
1000	
1000	
1000	
1000	
1000	
1000	
1000	
1000	
1000	
1000	
1000	
1000	
1000	
1000	
1000	
1000	
1000	
1000	
1000	
1000	
1000	
1000	
1000	
1000	
1000	
1000	
1000	
1000	
1000	
1000	
1000	
1000	
1000	
1000	
1000	
1000	
1000	
1000	
1000	
1000	
1000	
1000	
1000	
1000	
1000	
1000	
1000	
1000	
1000	
1000	
1000	
1000	
1000	
1000	
1000	
1000	
1000	
1000	
1000	
1000	
1000	
1000	
1000	
1000	
1000	
1000	
1000	
1000	
1000	
1000	
1000	
1000	
1000	
1000	
1000	
1000	
1000	
1000	
1000	
1000	
1000	
1000	
1000	
1000	
1000	
1000	
1000	
1000	
1000	
1000	
1000	
1000	
1000	
1000	
1000	
1000	
1000	
1000	
1000	
1000	
1000	
1000	
1000	
1000	
1000	
1000	
1000	
1000	
1000	
1000	
1000	
1000	
1000	
1000	
1000	
1000	
1000	
1000	
1000	
1000	
1000	
1000	
1000	
1000	
1000	
1000	
1000	
1000	
1000	
1000	
1000	
1000	
1000	
1000	
1000	
1000	
1000	
1000	
1000	
1000	
1000	
1000	
1000	
1000	
1000	
1000	
1000	
1000	
1000	
1000	
1000	
1000	
1000	
1000	
1000	
1000	
1000	
1000	
1000	
1000	
1000	
1000	
1000	
1000	
1000	
1000	
1000	
1000	
1000	
1000	
1000	
1000	
1000	
1000	
1000	
1000	
1000	
1000	
1000	
1000	
1000	
1000	
1000	
1000	
1000	
1000	
1000	
1000	
1000	
1000	
1000	
1000	
1000	
1000	
1000	
1000	
1000	
1000	
1000	
1000	
1000	
1000	
1000	
1000	
1000	
1000	
1000	
1000	
1000	
1000	
1000	
1000	
1000	
1000	
1000	
1000	
1000	
1000	
1000	
1000	
1000	
1000	
1000	
1000	
1000	
1000	
1000	
1000	
1000	
1000	
1000	
1000	
1000	
1000	
1000	
1000	
1000	
1000	
1000	
1000	
1000	
1000	
1000	
1000	
1000	
1000	
1000	
1000	
1000	
1000	
1000	
1000	
1000	
1000	
1000	
1000	
1000	
1000	
1000	
1000	
1000	
1000	
1000	
1000	
1000	
1000	
1000	
1000	
1000	
1000	
1000	
1000	
1000	
1000	
1000	
1000	
1000	
1000	
1000	
1000	
1000	
1000	
1000	
1000	
1000	
1000	
1000	
1000	
1000	
1000	
1000	
1000	
1000	
1000	
1000	
1000	
1000	
1000	
1000	
1000	
1000	
1000	
1000	
1000	
1000	
1000	
1000	
1000	
1000	
1000	
1000	
1000	
1000	
1000	
1000	
1000	
1000	
1000	
1000	
1000	
1000	
1000	
1000	
1000	
1000	
1000	
1000	
1000	
1000	
1000	
1000	
1000	
1000	
1000	
1000	
1000	
1000	
1000	
1000	
1000	
1000	
1000	
1000	
1000	
1000	
1000	
1000	
1000	
1000	
1000	
1000	
1000	
1000	
1000	
1000	
1000	
1000	
1000	
1000	
1000	
1000	
1000	
1000	
1000	
1000	
1000	
1000	
1000	
1000	
1000	
1000	
1000	
1000	
1000	
1000	
1000	
1000	
1000	
1000	
1000	
1000	
1000	
1000	
1000	
1000	
1000	
1000	
1000	
1000	
1000	
1000	
1000	
1000	
1000	
1000	
1000	
1000	
1000	
1000	
1000	
1000	
1000	
1000	
1000	
1000	
1000	
1000	
1000	
1000	
1000	
1000	
1000	
1000	
1000	
1000	
1000	
1000	
1000	
1000	
1000	
1000	
1000	
1000	
1000	
1000	
1000	
1000	
1000	
1000	
1000	
1000	
1000	
1000	
1000	
1000	
1000	
1000	
1000	
1000	
1000	
1000	
1000	
1000	
1000	
1000	
1000	
1000	
1000	
1000	
1000	
1000	
1000	
1000	
1000	
1000	
1000	
1000	
1000	
1000	
1000	
1000	
1000	
1000	
1000	
1000	
1000	
1000	
1000	
1000	
1000	
1000	
1000	
1000	
1000	
1000	
1000	
1000	
1000	
1000	
1000	
1000	
1000	
1000	
1000	
1000	
1000	
1000	
1000	
1000	
1000	
1000	
1000	
1000	
1000	
1000	
1000	
1000	
1000	
1000	
1000	
1000	
1000	
1000	
1000	
1000	
1000	
1000	
1000	
1000	
1000	
1000	
1000	
1000	
1000	
1000	
1000	
1000	
1000	
1000	
1000	
1000	
1000	
1000	
1000	
1000	
1000	
1000	
1000	
1000	
1000	
1000	
1000	
1000	
1000	
1000	
1000	
1000	
1000	
1000	
1000	
1000	
1000	
1000	
1000	
1000	
1000	
1000	
1000	
1000	
1000	
1000	
1000	
1000	
1000	
1000	
1000	
1000	
1000	
1000	
1000	
1000	
1000	
1000	
1000	
1000	
1000	
1000	
1000	
1000	
1000	
1000	
1000	
1000	
1000	
1000	
1000	
1000	
1000	
1000	
1000	
1000	
1000	
1000	
1000	
1000	
1000	
1000	
1000	
1000	
1000	
1000	
1000	
1000	
1000	
1000	
1000	
1000	
1000	
1000	
1000	
1000	
1000	
1000	
1000	
1000	
1000	
1000	
1000	
1000	
1000	
1000	
1000	
1000	
1000	
1000	
1000	
1000	
1000	
1000	
1000	
1000	
1000	
1000	
1000	
1000	
1000	
1000	
1000	
1000	
1000	
1000	
1000	
1000	
1000	
1000	
1000	
1000	
1000	
1000	
1000	
1000	
1000	
1000	
1000	
1000	
1000	
1000	
1000	
1000	
1000	
1000	
1000	
1000	
1000	
1000	
1000	
1000	
1000	
1000	
1000	
1000	
1000	
1000	
1000	
1000	
1000	
1000	
1000	
1000	
1000	
1000	
1000	
1000	
1000	
1000	
1000	
1000	
1000	
1000	
1000	
1000	
1000	
1000	
1000	
1000	
1000	
1000	
1000	
1000	
1000	
1000	
1000	
1000	
1000	
1000	
1000	
1000	
1000	
1000	
1000	
1000	
1000	
1000	
1000	
1000	
1000	
1000	
1000	
1000	
1000	
1000	
1000	
1000	
1000	
1000	
1000	
1000	
1000	
1000	
1000	
1000	
1000	
1000	
1000	
1000	
1000	
1000	
1000	
1000	
1000	
1000	
1000	
1000	
1000	
1000	
1000	
1000	
1000	
1000	
1000	
1000	
1000	
1000	
1000	
1000	
1000	
1000	
1000	
1000	
1000	
1000	
1000	
1000	
1000	
1000	
1000	
1000	
1000	
1000	
1000	
1000	
1000	
1000	
1000	
1000	
1000	
1000	
1000	
1000	
1000	
1000	
1000	
1000	
1000	
1000	
1000	
1000	
1000	
1000	
1000	
1000	
1000	
1000	
1000	
1000	
1000	
1000	
1000	
1000	
1000	
1000	
1000	
1000	
1000	
1000	
1000	
1000	
1000	
1000	
1000	
1000	
1000	
1000	
1000	
1000	
1000	
1000	
1000	
1000	
1000	
1000	
1000	
1000	
1000	
1000	
1000	
1000	
1000	
1000	
1000	
1000	
1000	
1000	
1000	
1000	
1000	
1000	
1000	
1000	
1000	
1000	
1000	
1000	
1000	
1000	
1000	
1000	
1000	
1000	
1000	
1000	
1000	
1000	
1000	
1000	
1000	
1000	
1000	
1000	
1000	
1000	
1000	
1000	
1000	
1000	
1000	
1000	
1000	
1000	
1000	
1000	
1000	
1000	
1000	
1000	
1000	
1000	
1000	
1000	
1000	
1000	
1000	
1000	
1000	
1000	
1000	
1000	
1000	
1000	
1000	
1000	
1000	
1000	
1000	
1000	
1000	
1000	
1000	
1000	
1000	
1000	
1000	
1000	
1000	
1000	
1000	
1000	
1000	
1000	
1000	
1000	
1000	
1000	
1000	
1000	
1000	
1000	
1000	
1000	
1000	
1000	
1000	
1000	
1000	
1000	
1000	
1000	
1000	
1000	
1000	
1000	
1000	
1000	
1000	
1000	
1000	
1000	
1000	
1000	
1000	
1000	
1000	
1000	
1000	
1000	
1000	
1000	
1000	
1000	
1000	
1000	
1000	
1000	
1000	
1000	
1000	
1000	
1000	
1000	
1000	
1000	
1000	
1000	
1000	
1000	
1000	
1000	
1000	
1000	
1000	
1000	
1000	
1000	
1000	
1000	
1000	
1000	
1000	
1000	
1000	
1000	
1000	
1000	
1000	
1000	
1000	
1000	
1000	
1000	
1000	
1000	
1000	
1000	
1000	
1000	
1000	
1000	
1000	
1000	
1000	
1000	
1000	
1000	
1000	
1000	
1000	
1000	
1000	
1000	
1000	
1000	
1000	
1000	
1000	
1000	
1000	
1000	
1000	
1000	
1000	
1000	
1000	
1000	
1000	
1000	
1000	
1000	
1000	
1000	
1000	
1000	
1000	
1000	
1000	
1000	
1000	
1000	
1000	
1000	
1000	
1000	
1000	
1000	
1000	
1000	
1000	
1000	
1000	
1000	
1000	
1000	
1000	
1000	
1000	
1000	
1000	
1000	
1000	
1000	
1000	
1000	
1000	
1000	
1000	
1000	
1000	
1000	
1000	
1000	
1000	
1000	
1000	
1000	
1000	
1000	
1000	
1000	
1000	
1000	
1000	
1000	
1000	
1000	
1000	
1000	
1000	
1000	
1000	
1000	
1000	
1000	
1000	
1000	
1000	
1000	
1000	
1000	
1000	
1000	
1000	
1000	
1000	
1000	
1000	
1000	
1000	
1000	
1000	
1000	
1000	
1000	
1000	
1000	
1000	
1000	
1000	
1000	
1000	
1000	
1000	
1000	
1000	
1000	
1000	
1000	
1000	
1000	
1000	
1000	
1000	
1000	
1000	
1000	
1000	
1000	
1000	
1000	
1000	
1000	
1000	
1000	
1000	
1000	
1000	
1000	
1000	
1000	
1000	
1000	
1000	
1000	
1000	
1000	
1000	
1000	
1000	
1000	
1000	
1000	
1000	
1000	
1000	
1000	
1000	
1000	
1000	
1000	
1000	
1000	
1000	
1000	
1000	
1000	
1000	
1000	
1000	
1000	
1000	
1000	
1000	
1000	
1000	
1000	
1000	
1000	
1000	
1000	
1000	
1000	
1000	
1000	
1000	
1000	
1000	
1000	
1000	
1000	
1000	
1000	
1000	
1000	
1000	
1000	
1000	
1000	
1000	
1000	
1000	
1000	
1000	
1000	
1000	
1000	
1000	
1000	
1000	
1000	
1000	
1000	
1000	
1000	
1000	
1000	
1000	
1000	
1000	
1000	
1000	
1000	
1000	
1000	
1000	
1000	
1000	
1000	
1000	
1000	
1000	
1000	
1000	
1000	
1000	
1000	
1000	
1000	
1000	
1000	
1000	
1000	
1000	
1000	
1000	
1000	
1000	
1000	
1000	
1000	
1000	
1000	
1000	
1000	
1000	
1000	
1000	
1000	
1000	
1000	
1000	
1000	
1000	
1000	
1000	
1000	
1000	
1000	
1000	
1000	
1000	
1000	
1000	
1000	
1000	
1000	
1000	
1000	
1000	
1000	
1000	
1000	
1000	
1000	
1000	
1000	
1000	
1000	
1000	
1000	
1000	
1000	
1000	
1000	
1000	
1000	
1000	
1000	
1000	
1000	
1000	
1000	
1000	
1000	
1000	
1000	
1000	
1000	
1000	
1000	
1000	
1000	
1000	
1000	
1000	
1000	
1000	
1000	
1000	
1000	
1000	
1000	
1000	
1000	
1000	
1000	
1000	
1000	
1000	
1000	
1000	
1000	
1000	
1000	
1000	
1000	
1000	
1000	
1000	
1000	
1000	
1000	
1000	
1000	
1000	
1000	
1000	
1000	
1000	
1000	
1000	
1000	
1000	
1000	
1000	
1000	
1000	
1000	
1000	
1000	
1000	
1000	
1000	
1000	
1000	
1000	
1000	
1000	
1000	
1000	
1000	
1000	
1000	
1000	
1000	
1000	
1000	
1000	
1000	
1000	
1000	
1000	
1000	
1000	
1000	
1000	
1000	
1000	
1000	
1000	
1000	
1000	
1000	
1000	
1000	
1000	
1000	
1000	
1000	
1000	
1000	
1000	
1000	
1000	
1000	
1000	
1000	
1000	
1000	
1000	
1000	
1000	
1000	
1000	
1000	
1000	
1000	
1000	
1000	
1000	
1000	
1000	
1000	
1000	
1000	
1000	
1000	
1000	
1000	
1000	
1000	
1000	
1000	
1000	
1000	
1000	
1000	
1000	
1000	
1000	
1000	
1000	
1000	
1000	
1000	
1000	
1000	
1000	
1000	
1000	
1000	
1000	
1000	
1000	
1000	
1000	
1000	
1000	
1000	
1000	
1000	
1000	
1000	
1000	
1000	
1000	
1000	
1000	
1000	
1000	
1000	
1000	
1000	
1000	
1000	
1000	
1000	
1000	
1000	
1000	
1000	
1000	
1000	
1000	
1000	
1000	
1000	
1000	
1000	
1000	
1000	
1000	
1000	
1000	
1000	
1000	
1000	
1000	
1000	
1000	
1000	
1000	
1000	
1000	
1000	
1000	
1000	
1000	
1000	
1000	
1000	
1000	
1000	
1000	
1000	
1000	
1000	
1000	
1000	
1000	
1000	
1000	
1000	
1000	
1000	
1000	
1000	
1000	
1000	
1000	
1000	
1000	
1000	
1000	
1000	
1000	
1000	
1000	
1000	
1000	
1000	
1000	
1000	
1000	
1000	
1000	
1000	
1000	
1000	
1000	
1000	
1000	
1000	
1000	
1000	
1000	
1000	
1000	
1000	
1000	
1000	
1000	
1000	
1000	
1000	
1000	
1000	
1000	
1000	
1000	
1000	
1000	
1000	
1000	
1000	
1000	
1000	
1000	
1000	
1000	
1000	
1000	
1000	
1000	
1000	
1000	
1000	
1000	
1000	
1000	
1000	
1000	
1000	
1000	
1000	
1000	
1000	
1000	
1000	
1000	
1000	
1000	
1000	
1000	
1000	
1000	
1000	
1000	
1000	
1000	
1000	
1000	
1000	
1000	
1000	
1000	
1000	
1000	
1000	
1000	
1000	
1000	
1000	
1000	
1000	
1000	
1000	
1000	
1000	
1000	
1000	
1000	
1000	
1000	
1000	
1000	
1000	
1000	
1000	
1000	
1000	
1000	
1000	
1000	
1000	
1000	
1000	
1000	
1000	
1000	
1000	
1000	
1000	
1000	
1000	
1000	
1000	
1000	
1000	
1000	
1000	
1000	
1000	
1000	
1000	
1000	
1000	
1000	
1000	
1000	
1000	
1000	
1000	
1000	
1000	
1000	
1000	
1000	
1000	
1000	
1000	
1000	
1000	
1000	
1000	
1000	
1000	
1000	
1000	
1000	
1000	
1000	
1000	
1000	
1000	
1000	
1000	
1000	
1000	
1000	
1000	
1000	
1000	
1000	
1000	
1000	
1000	
1000	
1000	
1000	
1000	
1000	
1000	
1000	
1000	
1000	
1000	
1000	
1000	
1000	
1000	
1000	
1000	
1000	
1000	
1000	
1000	
1000	
1000	
1000	
1000	
1000	
1000	
1000	
1000	
1000	
1000	
1000	
1000	
1000	
1000	
1000	
1000	
1000	
1000	
1000	
1000	
1000	
1000	
1000	
1000	
1000	
1000	
1000	
1000	
1000	
1000	
1000	
1000	
1000	
1000	
1000	
1000	
1000	
1000	
1000	
1000	
1000	
1000	
1000	
1000	
1000	
1000	
1000	
1000	
1000	
1000	
1000	
1000	
1000	
1000	
1000	
1000	
1000	
1000	
1000	
1000	
1000	
1000	
1000	
1000	
1000	
1000	
1000	
1000	
1000	
1000	
1000	
1000	
1000	
1000	
1000	
1000	
1000	
1000	
1000	
1000	
1000	
1000	
1000	
1000	
1000	
1000	
1000	
1000	
1000	
1000	
1000	
1000	
1000	
1000	
1000	
1000	
1000	
1000	
1000	
1000	
1000	
1000	
1000	
1000	
1000	
1000	
1000	
1000	
1000	
1000	
1000	
1000	
1000	
1000	
1000	
1000	
1000	
1000	
1000	
1000	
1000	
1000	
1000	
1000	
1000	
1000	
1000	
1000	
1000	
1000	
1000	
1000	
1000	
1000	
1000	
1000	
1000	
1000	
1000	
1000	
1000	
1000	
1000	
1000	
1000	
1000	
1000	
1000	
1000	
1000	
1000	
1000	
1000	
1000	
1000	
1000	
1000	
1000	
1000	
1000	
1000	
1000	
1000	
1000	
1000	
1000	
1000	
1000	
1000	
1000	
1000	
1000	
1000	
1000	
1000	
1000	
1000	
1000	
1000	
1000	
1000	
1000	
1000	
1000	
1000	
1000	
1000	
1000	
1000	
1000	
1000	
1000	
1000	
1000	
1000	
1000	
1000	
1000	
1000	
1000	
1000	
1000	
1000	
1000	
1000	
1000	
1000	
1000	
1000	
1000	
1000	
1000	
1000	
1000	
1000	
1000	
1000	
1000	
1000	
1000	
1000	
1000	
1000	
1000	
1000	
1000	
1000	
1000	
1000	
1000	
1000	
1000	
1000	
1000	
1000	
1000	
1000	
1000	
1000	
1000	
1000	
1000	
1000	
1000	
1000	
1000	
1000	
1000	
1000	
1000	
1000	
1000	
1000	
1000	
1000	
1000	
1000	
1000	
1000	
1000	
1000	
1000	
1000	
1000	
1000	
1000	
1000	
1000	
1000	
1000	
1000	
1000	
1000	
1000	
1000	
1000	
1000	
1000	
1000	
1000	
1000	
1000	
1000	
1000	
1000	
1000	
1000	
1000	
1000	
1000	
1000	
1000	
1000	
1000	
1000	
1000	
1000	
1000	
1000	
1000	
1000	
1000	
1000	
1000	
1000	
1000	
1000	
1000	
1000	
1000	
1000	
1000	
1000	
1000	
1000	
1000	
1000	
1000	
1000	
1000	
1000	
1000	
1000	
1000	
1000	
1000	
1000	
1000	
1000	
1000	
1000	
1000	
1000	
1000	
1000	
1000	
1000	
1000	
1000	
1000	
1000	
1000	
1000	
1000	
1000	
1000	
1000	
1000	
1000	
1000	
1000	
1000	
1000	
1000	
1000	
1000	
1000	
1000	
1000	
1000	
1000	
1000	
1000	
1000	
1000	
1000	
1000	
1000	
1000	
1000	
1000	
1000	
1000	
1000	
1000	
1000	
1000	
1000	
1000	
1000	
1000	
1000	
1000	
1000	
1000	
1000	
1000	
1000	
1000	
1000	
1000	
1000	
1000	
1000	
1000	
1000	
1000	
1000	
1000	
1000	
1000	
1000	
1000	
1000	
1000	
1000	
1000	
1000	
1000	
1000	
1000	
1000	
1000	
1000	
1000	
1000	
1000	
1000	
1000	
1000	
1000	
1000	
1000	
1000	
1000	
1000	
1000	
1000	
1000	
1000	
1000	
1000	
1000	
1000	
1000	
1000	
1000	
1000	
1000	
1000	
1000	
1000	
1000	
1000	
1000	
1000	
1000	
1000	
1000	
1000	
1000	
1000	
1000	
1000	
1000	
1000	
1000	
1000	
1000	
1000	
1000	
1000	
1000	
1000	
1000	
1000	
1000	
1000	
1000	
1000	
1000	
1000	
1000	
1000	
1000	
1000	
1000	
1000	
1000	
1000	
1000	
1000	
1000	
1000	
1000	
1000	
1000	
1000	
1000	
1000	
1000	
1000	
1000	
1000	
1000	
1000	
1000	
1000	
1000	
1000	
1000	
1000	
1000	
1000	
1000	
1000	
1000	
1000	
1000	
1000	
1000	
1000	
1000	
1000	
1000	
1000	
1000	
1000	
1000	
1000	
1000	
1000	
1000	
1000	
1000	
1000	
1000	
1000	
1000	
1000	
1000	
1000	
1000	
1000	
1000	
1000	
1000	
1000	
1000	
1000	
1000	
1000	
1000	
1000	
1000	
1000	
1000	
1000	
1000	
1000	
1000	
1000	
1000	
1000	
1000	
1000	
1000	
1000	
1000	
1000	
1000	
1000	
1000	
1000	
1000	
1000	
1000	
1000	
1000	
1000	
1000	
1000	
1000	
1000	
1000	
1000	
1000	
1000	
1000	
1000	
1000	
1000	
1000	
1000	
1000	
1000	
1000	
1000	
1000	
1000	
1000	
1000	
1000	
1000	
1000	
1000	
1000	
1000	
1000	
1000	
1000	
1000	
1000	
1000	
1000	
1000	
1000	
1000	
1000	
1000	
1000	
1000	
1000	
1000	
1000	
1000	
1000	
1000	
1000	
1000	
1000	
1000	
1000	
1000	
1000	
1000	
1000	
1000	
1000	
1000	
1000	
1000	
1000	
1000	
1000	
1000	
1000	
1000	
1000	
1000	
1000	
1000	
1000	
1000	
1000	
1000	
1000	
1000	
1000	
1000	
1000	
1000	
1000	
1000	
1000	
1000	
1000	
1000	
1000	
1000	
1000	
1000	
1000	
1000	
1000	
1000	
1000	
1000	
1000	
1000	
1000	
1000	
1000	
1000	
1000	
1000	
1000	
1000	
1000	
1000	
1000	
1000	
1000	
1000	
1000	
1000	
1000	
1000	
1000	
1000	
1000	
1000	
1000	
1000	
1000	
1000	
1000	
1000	
1000	
1000	
1000	
1000	
1000	
1000	
1000	
1000	
1000	
1000	
1000	
1000	
1000	
1000	
1000	
1000	
1000	
1000	
1000	
1000	
1000	
1000	
1000	
1000	
1000	
1000	
1000	
1000	
1000	
1000	
1000	
1000	
1000	
1000	
1000	
1000	
1000	
1000	
1000	
1000	
1000	
1000	
1000	
1000	
1000	
1000	
1000	
1000	
1000	
1000	
1000	
1000	
1000	
1000	
1000	
1000	
1000	
1000	
1000	
1000	
1000	
1000	
1000	
1000	
1000	
1000	
1000	
1000	
1000	
1000	
1000	
1000	
1000	
1000	
1000	
1000	
1000	
1000	
1000	
1000	
1000	
1000	
1000	
1000	
1000	
1000	
1000	
1000	
1000	
1000	
1000	
1000	
1000	
1000	
1000	
1000	
1000	
1000	
1000	
1000	
1000	
1000	
1000	
1000	
1000	
1000	
1000	
1000	
1000	
1000	
1000	
1000	
1000	
1000	
1000	
1000	
1000	
1000	
1000	
1000	
1000	
1000	
1000	
1000	
1000	
1000	
1000	
1000	
1000	
1000	
1000	
1000	
1000	
1000	
1000	
1000	
1000	
1000	
1000	
1000	
1000	
1000	
1000	
1000	
1000	
1000	
1000	
1000	
1000	
1000	
1000	
1000	
1000	
1000	
1000	
1000	
1000	
1000	
1000	
1000	
1000	
1000	
1000	
1000	
1000	
1000	
1000	
1000	
1000	
1000	
1000	
1000	
1000	
1000	
1000	
1000	
1000	
1000	
1000	
1000	
1000	
1000	
1000	
1000	
1000	
1000	
1000	
1000	
1000	
1000	
1000	
1000	
1000	
1000	
1000	
1000	
1000	
1000	
1000	
1000	
1000	
1000	
1000	
1000	
1000	
1000	
1000	
1000	
1000	
1000	
1000	
1000	
1000	
1000	
1000	
1000	
1000	
1000	
1000	
1000	
1000	
1000	
1000	
1000	
1000	
1000	
1000	
1000	
1000	
1000	
1000	
1000	
1000	
1000	
1000	
1000	
1000	
1000	
1000	
1000	
1000	
1000	
1000	
1000	
1000	
1000	
1000	
1000	
1000	
1000	
1000	
1000	
1000	
1000	
1000	
1000	
1000	
1000	
1000	
1000	
1000	
1000	
1000	
1000	
1000	
1000	
1000	
1000	
1000	
1000	
1000	
1000	
1000	
1000	
1000	
1000	
1000	
1000	
1000	
1000	
1000	
1000	
1000	
1000	
1000	
1000	
1000	
1000	
1000	
1000	
1000	
1000	
1000	
1000	
1000	
1000	
1000	
1000	
1000	
1000	
1000	
1000	
1000	
1000	
1000	
1000	
1000	
1000	
1000	
1000	
1000	
1000	
1000	
1000	
1000	
1000	
1000	
1000	
1000	
1000	
1000	
1000	
1000	
1000	
1000	
1000	
1000	
1000	
1000	
1000	
1000	
1000	
1000	
1000	
1000	
1000	
1000	
1000	
1000	
1000	
1000	
1000	
1000	
1000	
1000	
1000	
1000	
1000	
1000	
1000	
1000	
1000	
1000	
1000	
1000	
1000	
1000	
1000	
1000	
1000	
1000	
1000	
1000	
1000	
1000	
1000	
1000	
1000	
1000	
1000	
1000	
1000	
1000	
1000	
1000	
1000	
1000	
1000	
1000	
1000	
1000	
1000	
1000	
1000	
1000	
1000	
1000	
1000	
1000	
1000	
1000	
1000	
1000	
1000	
1000	
1000	
1000	
1000	
1000	
1000	
1000	
1000	
1000	
1000	
1000	
1000	
1000	
1000	
1000	
1000	
1000	
1000	
1000	
1000	
1000	
1000	
1000	
1000	
1000	
1000	
1000	
1000	
1000	
1000	
1000	
1000	
1000	
1000	
1000	
1000	
1000	
1000	
1000	
1000	
1000	
1000	
1000	
1000	
1000	
1000	
1000	
1000	
1000	
1000	
1000	
1000	
1000	
1000	
1000	
1000	
1000	
1000	
1000	
1000	
1000	
1000	
1000	
1000	
1000	
1000	
1000	
1000	
1000	
1000	
1000	
1000	
1000	
1000	
1000	
1000	
1000	
1000	
1000	
1000	
1000	
1000	
1000	
1000	
1000	
1000	
1000	
1000	
1000	
1000	
1000	
1000	
1000	
1000	
1000	
1000	
1000	
1000	
1000	
1000	
1000	
1000	
1000	
1000	
1000	
1000	
1000	
1000	
1000	
1000	
1000	
1000	
1000	
1000	
1000	
1000	
1000	
1000	
1000	
1000	
1000	
1000	
1000	
1000	
1000	
1000	
1000	
1000	
1000	
1000	
1000	
1000	
1000	
1000	
1000	
1000	
1000	
1000	
1000	
1000	
1000	
1000	
1000	
1000	
1000	
1000	
1000	
1000	
1000	
1000	
1000	
1000	
1000	
1000	
1000	
1000	
1000	
1000	
1000	
1000	
1000	
1000	
1000	
1000	
1000	
1000	
1000	
1000	
1000	
1000	
1000	
1000	
1000	
1000	
1000	
1000	
1000	
1000	
1000	
1000	
1000	
1000	
1000	
1000	
1000	
1000	
1000	
1000	
1000	
1000	
1000	
1000	
1000	
1000	
1000	
1000	
1000	
1000	
1000	
1000	
1000	
1000	
1000	
1000	
1000	
1000	
1000	
1000	
1000	
1000	
1000	
1000	
1000	
1000	
1000	
1000	
1000	
1000	
1000	
1000	
1000	
1000	
1000	
1000	
1000	
1000	
1000	
1000	
1000	
1000	
1000	
1000	
1000	
1000	
1000	
1000	
1000	
1000	
1000	
1000	
1000	
1000	
1000	
1000	
1000	
1000	
1000	
1000	
1000	
1000	
1000	
1000	
1000	
1000	
1000	
1000	
1000	
1000	
1000	
1000	
1000	
1000	
1000	
1000	
1000	
1000	
1000	
1000	
1000	
1000	
1000	
1000	
1000	
1000	
1000	
1000	
1000	
1000	
1000	
1000	
1000	
1000	
1000	
1000	
1000	
1000	
1000	
1000	
1000	
1000	
1000	
1000	
1000	
1000	
1000	
1000	
1000	
1000	
1000	
1000	
1000	
1000	
1000	
1000	
1000	
1000	
1000	
1000	
1000	
1000	
1000	
1000	
1000	
1000	
1000	
1000	
1000	
1000	
1000	
1000	
1000	
1000	
1000	
1000	
1000	
1000	
1000	
1000	
1000	
1000	
1000	
1000	
1000	
1000	
1000	
1000	
1000	
1000	
1000	
1000	
1000	
1000	
1000	
1000	
1000	
1000	
1000	
1000	
1000	
1000	
1000	
1000	
1000	
1000	
1000	
1000	
1000	
1000	
1000	
1000	
1000	
1000	
1000	
1000	
1000	
1000	
1000	
1000	
1000	
1000	
1000	
1000	
1000	
1000	
1000	
1000	
1000	
1000	
1000	
1000	
1000	
1000	
1000	
1000	
1000	
1000	
1000	
1000	
1000	
1000	
1000	
1000	
1000	
1000	
1000	
1000	
1000	
1000	
1000	
1000	
1000	
1000	
1000	
1000	
1000	
1000	
1000	
1000	
1000	
1000	
1000	
1000	
1000	
1000	
1000	
1000	
1000	
1000	
1000	
1000	
1000	
1000	
1000	
1000	
1000	
1000	
1000	
1000	
1000	
1000	
1000	
1000	
1000	
1000	
1000	
1000	
1000	
1000	
1000	
1000	
1000	
1000	
1000	
1000	
1000	
1000	
1000	
1000	
1000	
1000	
1000	
1000	
1000	
1000	
1000	
1000	
1000	
1000	
1000	
1000	
1000	
1000	
1000	
1000	
1000	
1000	
1000	
1000	
1000	
1000	
1000	
1000	
1000	
1000	
1000	
1000	
1000	
1000	
1000	
1000	
1000	
1000	
1000	
1000	
1000	
1000	
1000	
1000	
1000	
1000	
1000	
1000	
1000	
1000	
1000	
1000	
1000	
1000	
1000	
1000	
1000	
1000	
1000	
1000	
1000	
1000	
1000	
1000	
1000	
1000	
1000	
1000	
1000	
1000	
1000	
1000	
1000	
1000	
1000	
1000	
1000	
1000	
1000	
1000	
1000	
1000	
1000	
1000	
1000	
1000	
1000	
1000	
1000	
1000	
1000	
1000	
1000	
1000	
1000	
1000	
1000	
1000	
1000	
1000	
1000	
1000	
1000	
1000	
1000	
1000	
1000	
1000	
1000	
1000	
1000	
1000	
1000	
1000	
1000	
1000	
1000	
1000	
1000	
1000	
1000	
1000	
1000	
1000	
1000	
1000	
1000	
1000	
1000	
1000	
1000	
1000	
1000	
1000	
1000	
1000	
1000	
1000	
1000	
1000	
1000	
1000	
1000	
1000	
1000	
1000	
1000	
1000	
1000	
1000	
1000	
1000	
1000	
1000	
1000	
1000	
1000	
1000	
1000	
1000	
1000	
1000	
1000	
1000	
1000	
1000	
1000	
1000	
1000	
1000	
1000	
1000	
1000	
1000	
1000	
1000	
1000	
1000	
1000	
1000	
1000	
1000	
1000	
1000	
1000	
1000	
1000	
1000	
1000	
1000	
1000	
1000	
1000	
1000	
1000	
1000	
1000	
1000	
1000	
1000	
1000	
1000	
1000	
1000	
1000	
1000	
1000	
1000	
1000	
1000	
1000	
1000	
1000	
1000	
1000	
1000	
1000	
1000	
1000	
1000	
1000	
1000	
1000	
1000	
1000	
1000	
1000	
1000	
1000	
1000	
1000	
1000	
1000	
1000	
1000	
1000	
1000	
1000	
1000	
1000	
1000	
1000	
1000	
1000	
1000	
1000	
1000	
1000	
1000	
1000	
1000	
1000	
1000	
1000	
1000	
1000	
1000	
1000	
1000	
1000	
1000	
1000	
1000	
1000	
1000	
1000	
1000	
1000	
1000	
1000	
1000	
1000	
1000	
1000	
1000	
1000	
1000	
1000	
1000	
1000	
1000	
1000	
1000	
1000	
1000	
1000	
1000	
1000	
1000	
1000	
1000	
1000	
1000	
1000	
1000	
1000	
1000	
1000	
1000	
1000	
1000	
1000	
1000	
1000	
1000	
1000	
1000	
1000	
1000	
1000	
1000	
1000	
1000	
1000	
1000	
1000	
1000	
1000	
1000	
1000	
1000	
1000	
1000	
1000	
1000	
1000	
1000	
1000	
1000	
1000	
1000	
1000	
1000	
1000	
1000	
1000	
1000	
1000	
1000	
1000	
1000	
1000	
1000	
1000	
1000	
1000	
1000	
1000	
1000	
1000	
1000	
1000	
1000	
1000	
1000	
1000	
1000	
1000	
1000	
1000	
1000	
1000	
1000	
1000	
1000	
1000	
1000	
1000	
1000	
1000	
1000	
1000	
1000	
1000	
1000	
1000	
1000	
1000	
1000	
1000	
1000	
1000	
1000	
1000	
1000	
1000	
1000	
1000	
1000	
1000	
1000	
1000	
1000	
1000	
1000	
1000	
1000	
1000	
1000	
1000	
1000	
1000	
1000	
1000	
1000	
1000	
1000	
1000	
1000	
1000	
1000	
1000	
1000	
1000	
1000	
1000	
1000	
1000	
1000	
1000	
1000	
1000	
1000	
1000	
1000	
1000	
1000	
1000	
1000	
1000	
1000	
1000	
1000	
1000	
1000	
1000	
1000	
1000	
1000	
1000	
1000	
1000	
1000	
1000	
1000	
1000	
1000	
1000	
1000	
1000	
1000	
1000	
1000	
1000	
1000	
1000	
1000	
1000	
1000	
1000	
1000	
1000	
1000	
1000	
1000	
1000	
1000	
1000	
1000	
1000	
1000	
1000	
1000	
1000	
1000	
1000	
1000	
1000	
1000	
1000	
1000	
1000	
1000	
1000	
1000	
1000	
1000	
1000	
1000	
1000	
1000	
1000	
1000	
1000	
1000	
1000	
1000	
1000	
1000	
1000	
1000	
1000	
1000	
1000	
1000	
1000	
1000	
1000	
1000	
1000	
1000	
1000	
1000	
1000	
1000	
1000	
1000	
1000	
1000	
1000	
1000	
1000	
1000	
1000	
1000	
1000	
1000	
1000	
1000	
1000	
1000	
1000	
1000	
1000	
1000	
1000	
1000	
1000	
1000	
1000	
1000	
1000	
1000	
1000	
1000	
1000	
1000	
1000	
1000	
1000	
1000	
1000	
1000	
1000	
1000	
1000	
1000	
1000	
1000	
1000	
1000	
1000	
1000	
1000	
1000	
1000	
1000	
1000	
1000	
1000	
1000	
1000	
1000	
1000	
1000	
1000	
1000	
1000	
1000	
1000	
1000	
1000	
1000	
1000	
1000	
1000	
1000	
1000	
1000	
1000	
1000	
1000	
1000	
1000	
1000	
1000	
1000	
1000	
1000	
1000	
1000	
1000	
1000	
1000	
1000	
1000	
1000	
1000	
1000	
1000	
1000	
1000	
1000	
1000	
1000	
1000	
1000	
1000	
1000	
1000	
1000	
1000	
1000	
1000	
1000	
1000	
1000	
1000	
1000	
1000	
1000	
1000	
1000	
1000	
1000	
1000	
1000	
1000	
1000	
1000	
1000	
1000	
1000	
1000	
1000	
1000	
1000	
1000	
1000	
1000	
1000	
1000	
1000	
1000	
1000	
1000	
1000	
1000	
1000	
1000	
1000	
1000	
1000	
1000	
1000	
1000	
1000	
1000	
1000	
1000	
1000	
1000	
1000	
1000	
1000	
1000	
1000	
1000	
1000	
1000	
1000	
1000	
1000	
1000	
1000	
1000	
1000	
1000	
1000	
1000	
1000	
1000	
1000	
1000	
1000	
1000	
1000	
1000	
1000	
1000	
1000	
1000	
1000	
1000	
1000	
1000	
1000	
1000	
1000	
1000	
1000	
1000	
1000	
1000	
1000	
1000	
1000	
1000	
1000	
1000	
1000	
1000	
1000	
1000	
1000	
1000	
1000	
