0	
0	
0	
0	
0	
0	
0	
0	
0	
0	
0	
0	
0	
0	
0	
0	
0	
0	
0	
0	
0	
0	
0	
0	
0	
0	
0	
0	
0	
0	
0	
0	
0	
0	
0	
0	
0	
0	
0	
0	
0	
0	
0	
0	
0	
0	
0	
0	
0	
0	
0	
0	
0	
0	
0	
0	
0	
0	
0	
0	
0	
0	
0	
0	
0	
0	
0	
0	
0	
0	
0	
0	
0	
0	
0	
0	
0	
0	
0	
0	
0	
0	
0	
0	
0	
0	
0	
0	
0	
0	
0	
0	
0	
0	
0	
0	
0	
0	
0	
0	
0	
0	
0	
0	
0	
0	
0	
0	
0	
0	
0	
0	
0	
0	
0	
0	
0	
0	
0	
0	
0	
0	
0	
0	
0	
0	
0	
0	
0	
0	
0	
0	
0	
0	
0	
0	
0	
0	
0	
0	
0	
0	
0	
0	
0	
0	
0	
0	
0	
0	
0	
0	
0	
0	
0	
0	
0	
0	
0	
0	
0	
0	
0	
0	
0	
0	
0	
0	
0	
0	
0	
0	
0	
0	
0	
0	
0	
0	
0	
0	
0	
0	
0	
0	
0	
0	
0	
0	
0	
0	
0	
0	
0	
0	
0	
0	
0	
0	
0	
0	
0	
0	
0	
0	
0	
0	
0	
0	
0	
0	
0	
0	
0	
0	
0	
0	
0	
0	
0	
0	
0	
0	
0	
0	
0	
0	
0	
0	
0	
0	
0	
0	
0	
0	
0	
0	
0	
0	
0	
0	
0	
0	
0	
0	
0	
0	
0	
0	
0	
0	
0	
0	
0	
0	
0	
0	
0	
0	
0	
0	
0	
0	
0	
0	
0	
0	
0	
0	
0	
0	
0	
0	
0	
0	
0	
0	
0	
0	
0	
0	
0	
0	
0	
0	
0	
0	
0	
0	
0	
0	
0	
0	
0	
0	
0	
0	
0	
0	
0	
0	
0	
0	
0	
0	
0	
0	
0	
0	
0	
0	
0	
0	
0	
0	
0	
0	
0	
0	
0	
0	
0	
0	
0	
0	
0	
0	
0	
0	
0	
0	
0.5	
1.5	
2	
2.5	
3	
3.5	
4	
5	
5.5	
6	
6.5	
7.5	
8	
8.5	
9	
10	
10.5	
11	
11.5	
12.5	
13	
13.5	
14	
14	
14.5	
15	
15.5	
16	
16.5	
16.5	
17	
17.5	
18	
19	
19.5	
20	
20.5	
21.5	
22	
22.5	
23.5	
24	
24.5	
25	
26	
26.5	
27	
27.5	
28.5	
29	
29.5	
30	
31	
31.5	
32	
32.5	
33.5	
33.5	
34	
34.5	
35	
35.5	
36	
36	
37	
37.5	
38	
38.5	
39.5	
40	
40.5	
41	
42	
42.5	
43	
43.5	
44.5	
45	
45.5	
46	
46.5	
47.5	
48	
48.5	
49.5	
50	
50.5	
51.5	
52	
53	
53.5	
54	
54.5	
55.5	
56	
57	
57.5	
58	
58.5	
59	
59.5	
60.5	
61	
61.5	
62	
63	
63.5	
64	
65	
65.5	
66	
66.5	
67	
68	
68.5	
69	
70	
70.5	
71	
72	
72.5	
73	
73.5	
74	
75	
75.5	
76	
76.5	
77	
78	
78.5	
79.5	
80	
80.5	
81	
82	
82.5	
83	
84	
84.5	
85	
86	
86.5	
87	
87.5	
88	
88.5	
89	
90	
90	
90.5	
91.5	
92	
92.5	
93	
93.5	
94	
95	
95.5	
96	
97	
97.5	
98	
98.5	
99.5	
100	
101	
101.5	
102.5	
103	
103.5	
104	
104.5	
105.5	
106	
106.5	
107	
108	
108.5	
109.5	
110	
110.5	
111	
112	
112.5	
113.5	
114	
115	
115.5	
116	
117	
117.5	
118	
118.5	
119.5	
120	
120.5	
121.5	
122	
122.5	
123	
124	
124.5	
125.5	
126	
126.5	
127	
128	
128.5	
129	
130	
130.5	
131.5	
132	
133	
133.5	
134	
134.5	
135	
136	
136.5	
137	
138	
138.5	
139.5	
140	
140.5	
141.5	
142	
143	
143.5	
144	
145	
145.5	
146	
147	
147.5	
148.5	
148.5	
149.5	
150	
150.5	
151	
152	
152.5	
153.5	
154	
154.5	
155.5	
156	
156.5	
157.5	
158	
158.5	
159.5	
160	
160.5	
161.5	
162	
162.5	
163.5	
163.5	
164.5	
165	
165.5	
166	
166.5	
167.5	
168	
169	
169.5	
170	
171	
171.5	
172	
172.5	
173.5	
174	
174.5	
175	
176	
176.5	
177	
177.5	
178.5	
178.5	
179	
179.5	
180	
180.5	
181	
181.5	
182.5	
183	
183.5	
184.5	
185	
185.5	
186.5	
187	
187.5	
188.5	
189	
189.5	
190.5	
191	
191.5	
192.5	
193	
193.5	
194	
194.5	
195	
195.5	
196	
197	
197.5	
198	
199	
199.5	
200	
200.5	
201.5	
202	
202.5	
203.5	
204	
204.5	
205	
206	
206.5	
207	
208	
208.5	
209	
209.5	
210	
210.5	
211	
212	
212	
213	
213.5	
214	
215	
215.5	
216	
216.5	
217	
218	
218.5	
219	
220	
220.5	
221	
221.5	
222.5	
223	
223.5	
224	
225	
225.5	
226	
226.5	
227	
228	
228.5	
229.5	
230	
230.5	
231.5	
232	
232.5	
233.5	
234	
234.5	
235	
236	
236.5	
237	
238	
238.5	
238.5	
239.5	
240	
240.5	
241	
241.5	
242.5	
243	
243.5	
244.5	
245	
245.5	
246	
247	
247.5	
248.5	
249	
249.5	
250	
251	
251.5	
252	
253	
253.5	
254	
254.5	
255	
255.5	
256.5	
257	
257.5	
258.5	
259	
260	
260.5	
261	
261.5	
262.5	
263	
264	
264.5	
265	
266	
266.5	
267	
268	
268.5	
269	
269.5	
270	
270.5	
271.5	
272	
272.5	
273	
274	
274.5	
275	
276	
276.5	
277	
278	
278.5	
279.5	
280	
280.5	
281	
282	
282.5	
283	
283.5	
284	
284.5	
285.5	
286	
286.5	
287	
288	
288.5	
289.5	
290	
291	
291.5	
292	
292.5	
293.5	
294	
295	
295.5	
296	
296.5	
297.5	
298	
298.5	
299	
299.5	
300	
300.5	
301	
301.5	
302	
302.5	
303	
303.5	
304	
305	
305.5	
306	
306.5	
307.5	
308	
308.5	
309.5	
310	
310.5	
311	
312	
312.5	
313	
313.5	
314.5	
315	
315.5	
316	
316.5	
317	
318	
318.5	
319.5	
320	
320.5	
321	
322	
322.5	
323.5	
324	
324.5	
325	
326	
326.5	
327	
328	
328.5	
329	
329.5	
330	
330.5	
331	
332	
332.5	
333	
334	
334.5	
335	
336	
336.5	
337	
338	
338.5	
339.5	
340	
340.5	
341	
341.5	
342.5	
343	
343.5	
344	
344.5	
345	
345.5	
346.5	
347	
347.5	
348	
349	
349.5	
350	
350.5	
351.5	
352	
352.5	
353	
354	
354.5	
355	
355.5	
356.5	
357	
357.5	
358.5	
359	
359.5	
360	
360.5	
361	
362	
362.5	
363	
364	
364.5	
365	
366	
366.5	
367	
367.5	
368.5	
369	
370	
370.5	
371	
372	
372.5	
373.5	
374	
374.5	
375	
375.5	
376	
377	
377.5	
378	
378.5	
379.5	
380	
380.5	
381.5	
382	
382.5	
383.5	
384	
385	
385.5	
386	
387	
387.5	
388	
388.5	
389	
389.5	
390	
391	
391.5	
392.5	
393	
393.5	
394	
395	
395.5	
396.5	
397.5	
398	
398.5	
399.5	
400	
401	
402	
402.5	
403.5	
403.5	
404.5	
405	
405.5	
406	
407	
407.5	
408.5	
409	
410	
410.5	
411.5	
412	
413	
413.5	
414.5	
415	
415.5	
416.5	
417	
418	
418.5	
419	
419.5	
420.5	
421	
421.5	
422	
423	
423.5	
424	
425	
426	
426.5	
427	
428	
428.5	
429.5	
430	
431	
431.5	
432.5	
433	
433.5	
434	
434.5	
435.5	
436	
437	
437.5	
438.5	
439	
439.5	
440.5	
441.5	
442	
442.5	
443.5	
444	
444.5	
445.5	
446	
447	
447.5	
448	
448.5	
449	
449.5	
450.5	
451	
451.5	
452	
453	
453.5	
454	
455	
455.5	
456.5	
457	
457.5	
458	
459	
459.5	
460	
461	
461.5	
462.5	
463	
463.5	
464	
464.5	
465	
466	
466.5	
467	
468	
468.5	
469	
470	
470.5	
471	
471.5	
472.5	
473	
474	
474.5	
475.5	
476	
476.5	
477.5	
478	
478.5	
479	
479.5	
480	
481	
481.5	
482	
482.5	
483	
483.5	
484	
484.5	
485	
485.5	
486.5	
487	
487.5	
488.5	
489	
489.5	
490.5	
491	
492	
492.5	
493	
493.5	
494	
495	
495.5	
496	
496.5	
497	
497.5	
498	
499	
499.5	
500	
500.5	
501	
501.5	
502.5	
503	
504	
504.5	
505.5	
506	
506.5	
507.5	
508	
508.5	
509	
509.5	
510.5	
511	
511.5	
512.5	
513	
514	
514.5	
515.5	
516	
517	
517.5	
518	
519	
519.5	
520.5	
521	
522	
522.5	
523.5	
524	
524.5	
525	
525.5	
526	
526.5	
527.5	
528	
528.5	
529.5	
530	
530.5	
531.5	
532	
532.5	
533.5	
534	
534.5	
535	
536	
536.5	
537	
538	
538.5	
539	
539.5	
540	
540.5	
541	
542	
542.5	
543	
544	
544.5	
545	
546	
546.5	
547	
548	
548.5	
549	
549.5	
550.5	
551	
551.5	
552.5	
553	
553.5	
554	
554.5	
555	
555.5	
556.5	
557	
557.5	
558.5	
559	
560	
560.5	
561	
562	
562.5	
563	
563.5	
564	
565	
565.5	
566.5	
567	
567.5	
568	
568.5	
569	
569.5	
570	
571	
571.5	
572	
572.5	
573.5	
574	
574.5	
575.5	
576	
576.5	
577.5	
578	
578.5	
579.5	
580	
580.5	
581.5	
582	
582.5	
583.5	
584	
584.5	
585	
585.5	
586	
587	
587.5	
588.5	
589	
589.5	
590	
591	
591.5	
592.5	
593	
593.5	
594.5	
595	
595.5	
596.5	
597	
598	
598.5	
599	
599.5	
600	
600.5	
601	
602	
602.5	
603	
604	
604.5	
605	
605.5	
606.5	
607	
608	
608.5	
609	
609.5	
610.5	
611	
611.5	
612.5	
613	
613.5	
614	
614.5	
615.5	
616	
616.5	
617	
618	
618.5	
619	
620	
620.5	
621	
622	
622.5	
623.5	
624	
624.5	
625.5	
626	
626.5	
627.5	
628	
628.5	
629	
630	
630.5	
631	
631.5	
632.5	
633	
633.5	
634.5	
635	
636	
636.5	
637	
637.5	
638.5	
639	
640	
640.5	
641	
641.5	
642.5	
643	
643.5	
644	
644.5	
645	
645.5	
646.5	
647	
647.5	
648.5	
649	
649.5	
650	
651	
651.5	
652	
652.5	
653.5	
654	
654.5	
655	
655.5	
656.5	
657	
657.5	
658	
658.5	
659	
659.5	
660	
660.5	
661	
661.5	
662	
663	
663.5	
664	
664.5	
665.5	
666	
666.5	
667	
668	
668.5	
669	
669.5	
670	
671	
671.5	
672	
672.5	
673.5	
673.5	
674.5	
675	
675.5	
676	
676.5	
677.5	
678	
679	
679.5	
680.5	
681	
681.5	
682	
683	
683.5	
684	
685	
685.5	
686.5	
687	
688	
688.5	
689	
689.5	
690	
691	
691.5	
692	
692.5	
693	
693.5	
694	
694.5	
695	
695.5	
696.5	
697	
697.5	
698	
698.5	
699	
700	
700.5	
701	
701.5	
702	
702.5	
703	
703.5	
704	
704	
704.5	
705	
705	
705.5	
706	
706.5	
706.5	
707	
707.5	
707.5	
708	
709	
709.5	
710	
710.5	
711	
712	
712.5	
713	
713.5	
714.5	
715	
716	
716.5	
717.5	
718	
718.5	
719	
720	
720.5	
721.5	
722	
722.5	
723	
724	
725	
725.5	
726.5	
727	
728	
728.5	
729.5	
730	
731	
731.5	
732	
733	
733.5	
734	
735	
735.5	
736	
736.5	
737.5	
738	
739	
739.5	
740	
740.5	
741	
742	
742.5	
743	
744	
744.5	
745.5	
746	
746.5	
747.5	
748	
748.5	
749.5	
750	
750.5	
751	
752	
752.5	
753.5	
754	
755	
755.5	
756	
757	
757.5	
758.5	
759	
759.5	
760.5	
761	
761.5	
762.5	
763	
763.5	
764.5	
764.5	
765.5	
766	
767	
767.5	
768.5	
769	
769.5	
770.5	
771	
771.5	
772.5	
773	
774	
775	
775.5	
776	
777	
777.5	
778.5	
779	
779.5	
780	
780.5	
781.5	
782	
783	
783.5	
784.5	
785	
786	
786.5	
787.5	
788	
788.5	
789.5	
790	
791	
791.5	
792.5	
793	
793.5	
794	
794.5	
795.5	
796	
796.5	
797.5	
798	
798.5	
799.5	
800	
801	
801.5	
802.5	
803	
804	
804.5	
805	
806	
806.5	
807.5	
808	
808.5	
809	
810	
810.5	
811	
812	
813	
813.5	
814.5	
815	
815.5	
816.5	
817	
818	
818.5	
819	
820	
820.5	
821.5	
822	
823	
823.5	
824	
824.5	
825.5	
826	
826.5	
827	
828	
829	
829.5	
830.5	
831	
831.5	
832.5	
833.5	
834	
835	
835.5	
836	
837	
837.5	
838.5	
839	
839.5	
840	
840.5	
841.5	
842	
843	
843.5	
844.5	
845	
845.5	
846.5	
847	
848	
848.5	
849	
850	
850.5	
851.5	
852	
853	
853.5	
854	
854.5	
855	
855.5	
856.5	
857	
858	
858.5	
859	
860	
860.5	
861	
862	
862.5	
863	
864	
864.5	
865	
866	
866.5	
867.5	
868	
868.5	
869	
870	
870.5	
871.5	
872	
872.5	
873	
874	
875	
875.5	
876	
877	
877.5	
878	
879	
879.5	
880	
881	
881.5	
882.5	
883	
883.5	
884	
885	
885.5	
886	
886.5	
887.5	
888	
888.5	
889.5	
890	
891	
891.5	
892	
893	
893.5	
894	
895	
895.5	
896.5	
897	
897.5	
898.5	
899	
899.5	
900	
901	
901.5	
902	
902.5	
903.5	
904	
904.5	
905.5	
906	
907	
907.5	
908	
909	
909.5	
910.5	
911	
911.5	
912	
912.5	
913	
913.5	
914.5	
915	
915.5	
916.5	
917	
917.5	
918.5	
919	
920	
920.5	
921	
921.5	
922.5	
923	
923.5	
924.5	
925	
925.5	
926.5	
927	
927.5	
928	
928.5	
929.5	
930	
930.5	
931	
932	
932.5	
933.5	
934	
935	
935.5	
936	
937	
937.5	
938.5	
939	
940	
940.5	
941	
942	
942.5	
943	
943.5	
944	
944.5	
945.5	
946	
947	
947.5	
948	
949	
949.5	
950.5	
951	
951.5	
952	
953	
954	
954.5	
955	
956	
956.5	
957.5	
958	
958.5	
959	
959.5	
960	
961	
961.5	
962	
963	
963.5	
964	
965	
965.5	
966	
967	
967.5	
968.5	
969	
969.5	
970.5	
971	
971.5	
972.5	
973	
973.5	
974	
974.5	
975.5	
975.5	
976.5	
977	
978	
978.5	
979	
979.5	
980.5	
981.5	
982	
983	
983.5	
984	
985	
985.5	
986	
987	
987.5	
988	
988.5	
989.5	
990	
990.5	
991	
992	
992.5	
993.5	
994	
995	
995.5	
996.5	
997	
997.5	
998.5	
999	
999.5	
1000	
1000	
1000	
1000	
1000	
1000	
1000	
1000	
1000	
1000	
1000	
1000	
1000	
1000	
1000	
1000	
1000	
1000	
1000	
1000	
1000	
1000	
1000	
1000	
1000	
1000	
1000	
1000	
1000	
1000	
1000	
1000	
1000	
1000	
1000	
1000	
1000	
1000	
1000	
1000	
1000	
1000	
1000	
1000	
1000	
1000	
1000	
1000	
1000	
1000	
1000	
1000	
1000	
1000	
1000	
1000	
1000	
1000	
1000	
1000	
1000	
1000	
1000	
1000	
1000	
1000	
1000	
1000	
1000	
1000	
1000	
1000	
1000	
1000	
1000	
1000	
1000	
1000	
1000	
1000	
1000	
1000	
1000	
1000	
1000	
1000	
1000	
1000	
1000	
1000	
1000	
1000	
1000	
1000	
1000	
1000	
1000	
1000	
1000	
1000	
1000	
1000	
1000	
1000	
1000	
1000	
1000	
1000	
1000	
1000	
1000	
1000	
1000	
1000	
1000	
1000	
1000	
1000	
1000	
1000	
1000	
1000	
1000	
1000	
1000	
1000	
1000	
1000	
1000	
1000	
1000	
1000	
1000	
1000	
1000	
1000	
1000	
1000	
1000	
1000	
1000	
1000	
1000	
1000	
1000	
1000	
1000	
1000	
1000	
1000	
1000	
1000	
1000	
1000	
1000	
1000	
1000	
1000	
1000	
1000	
1000	
1000	
1000	
1000	
1000	
1000	
1000	
1000	
1000	
1000	
1000	
1000	
1000	
1000	
1000	
1000	
1000	
1000	
1000	
1000	
1000	
1000	
1000	
1000	
1000	
1000	
1000	
1000	
1000	
1000	
1000	
1000	
1000	
1000	
1000	
1000	
1000	
1000	
1000	
1000	
1000	
1000	
1000	
1000	
1000	
1000	
1000	
1000	
1000	
1000	
1000	
1000	
1000	
1000	
1000	
1000	
1000	
1000	
1000	
1000	
1000	
1000	
1000	
1000	
1000	
1000	
1000	
1000	
1000	
1000	
1000	
1000	
1000	
1000	
1000	
1000	
1000	
1000	
1000	
1000	
1000	
1000	
1000	
1000	
1000	
1000	
1000	
1000	
1000	
1000	
1000	
1000	
1000	
1000	
1000	
1000	
1000	
1000	
1000	
1000	
1000	
1000	
1000	
1000	
1000	
1000	
1000	
1000	
1000	
1000	
1000	
1000	
1000	
1000	
1000	
1000	
1000	
1000	
1000	
1000	
1000	
1000	
1000	
1000	
1000	
1000	
1000	
1000	
1000	
1000	
1000	
1000	
1000	
1000	
1000	
1000	
1000	
1000	
1000	
1000	
1000	
1000	
1000	
1000	
1000	
1000	
1000	
1000	
1000	
1000	
1000	
1000	
1000	
1000	
1000	
1000	
1000	
1000	
1000	
1000	
1000	
1000	
1000	
1000	
1000	
1000	
1000	
1000	
1000	
1000	
1000	
1000	
1000	
1000	
1000	
1000	
1000	
1000	
1000	
1000	
1000	
1000	
1000	
1000	
1000	
1000	
1000	
1000	
1000	
1000	
1000	
1000	
1000	
1000	
1000	
1000	
1000	
1000	
1000	
1000	
1000	
1000	
1000	
1000	
1000	
1000	
1000	
1000	
1000	
1000	
1000	
1000	
1000	
1000	
1000	
1000	
1000	
1000	
1000	
1000	
1000	
1000	
1000	
1000	
1000	
1000	
1000	
1000	
1000	
1000	
1000	
1000	
1000	
1000	
1000	
1000	
1000	
1000	
1000	
1000	
1000	
1000	
1000	
1000	
1000	
1000	
1000	
1000	
1000	
1000	
1000	
1000	
1000	
1000	
1000	
1000	
1000	
1000	
1000	
1000	
1000	
1000	
1000	
1000	
1000	
1000	
1000	
1000	
1000	
1000	
1000	
1000	
1000	
1000	
1000	
1000	
1000	
1000	
1000	
1000	
1000	
1000	
1000	
1000	
1000	
1000	
1000	
1000	
1000	
1000	
1000	
1000	
1000	
1000	
1000	
1000	
1000	
1000	
1000	
1000	
1000	
1000	
1000	
1000	
1000	
1000	
1000	
1000	
1000	
1000	
1000	
1000	
1000	
1000	
1000	
1000	
1000	
1000	
1000	
1000	
1000	
1000	
1000	
1000	
1000	
1000	
1000	
1000	
1000	
1000	
1000	
1000	
1000	
1000	
1000	
1000	
1000	
1000	
1000	
1000	
1000	
1000	
1000	
1000	
1000	
1000	
1000	
1000	
1000	
1000	
1000	
1000	
1000	
1000	
1000	
1000	
1000	
1000	
1000	
1000	
1000	
1000	
1000	
1000	
1000	
1000	
1000	
1000	
1000	
1000	
1000	
1000	
1000	
1000	
1000	
1000	
1000	
1000	
1000	
1000	
1000	
1000	
1000	
1000	
1000	
1000	
1000	
1000	
1000	
1000	
1000	
1000	
1000	
1000	
1000	
1000	
1000	
1000	
1000	
1000	
1000	
1000	
1000	
1000	
1000	
1000	
1000	
1000	
1000	
1000	
1000	
1000	
1000	
1000	
1000	
1000	
1000	
1000	
1000	
1000	
1000	
1000	
1000	
1000	
1000	
1000	
1000	
1000	
1000	
1000	
1000	
1000	
1000	
1000	
1000	
1000	
1000	
1000	
1000	
1000	
1000	
1000	
1000	
1000	
1000	
1000	
1000	
1000	
1000	
1000	
1000	
1000	
1000	
1000	
1000	
1000	
1000	
1000	
1000	
1000	
1000	
1000	
1000	
1000	
1000	
1000	
1000	
1000	
1000	
1000	
1000	
1000	
1000	
1000	
1000	
1000	
1000	
1000	
1000	
1000	
1000	
1000	
1000	
1000	
1000	
1000	
1000	
1000	
1000	
1000	
1000	
1000	
1000	
1000	
1000	
1000	
1000	
1000	
1000	
1000	
1000	
1000	
1000	
1000	
1000	
1000	
1000	
1000	
1000	
1000	
1000	
1000	
1000	
1000	
1000	
1000	
1000	
1000	
1000	
1000	
1000	
1000	
1000	
1000	
1000	
1000	
1000	
1000	
1000	
1000	
1000	
1000	
1000	
1000	
1000	
1000	
1000	
1000	
1000	
1000	
1000	
1000	
1000	
1000	
1000	
1000	
1000	
1000	
1000	
1000	
1000	
1000	
1000	
1000	
1000	
1000	
1000	
1000	
1000	
1000	
1000	
1000	
1000	
1000	
1000	
1000	
1000	
1000	
1000	
1000	
1000	
1000	
1000	
1000	
1000	
1000	
1000	
1000	
1000	
1000	
1000	
1000	
1000	
1000	
1000	
1000	
1000	
1000	
1000	
1000	
1000	
1000	
1000	
1000	
1000	
1000	
1000	
1000	
1000	
1000	
1000	
1000	
1000	
1000	
1000	
1000	
1000	
1000	
1000	
1000	
1000	
1000	
1000	
1000	
1000	
1000	
1000	
1000	
1000	
1000	
1000	
1000	
1000	
1000	
1000	
1000	
1000	
1000	
1000	
1000	
1000	
1000	
1000	
1000	
1000	
1000	
1000	
1000	
1000	
1000	
1000	
1000	
1000	
1000	
1000	
1000	
1000	
1000	
1000	
1000	
1000	
1000	
1000	
1000	
1000	
1000	
1000	
1000	
1000	
1000	
1000	
1000	
1000	
1000	
1000	
1000	
1000	
1000	
1000	
1000	
1000	
1000	
1000	
1000	
1000	
1000	
1000	
1000	
1000	
1000	
1000	
1000	
1000	
1000	
1000	
1000	
1000	
1000	
1000	
1000	
1000	
1000	
1000	
1000	
1000	
1000	
1000	
1000	
1000	
1000	
1000	
1000	
1000	
1000	
1000	
1000	
1000	
1000	
1000	
1000	
1000	
1000	
1000	
1000	
1000	
1000	
1000	
1000	
1000	
1000	
1000	
1000	
1000	
1000	
1000	
1000	
1000	
1000	
1000	
1000	
1000	
1000	
1000	
1000	
1000	
1000	
1000	
1000	
1000	
1000	
1000	
1000	
1000	
1000	
1000	
1000	
1000	
1000	
1000	
1000	
1000	
1000	
1000	
1000	
1000	
1000	
1000	
1000	
1000	
1000	
1000	
1000	
1000	
1000	
1000	
1000	
1000	
1000	
1000	
1000	
1000	
1000	
1000	
1000	
1000	
1000	
1000	
1000	
1000	
1000	
1000	
1000	
1000	
1000	
1000	
1000	
1000	
1000	
1000	
1000	
1000	
1000	
1000	
1000	
1000	
1000	
1000	
1000	
1000	
1000	
1000	
1000	
1000	
1000	
1000	
1000	
1000	
1000	
1000	
1000	
1000	
1000	
1000	
1000	
1000	
1000	
1000	
1000	
1000	
1000	
1000	
1000	
1000	
1000	
1000	
1000	
1000	
1000	
1000	
1000	
1000	
1000	
1000	
1000	
1000	
1000	
1000	
1000	
1000	
1000	
1000	
1000	
1000	
1000	
1000	
1000	
1000	
1000	
1000	
1000	
1000	
1000	
1000	
1000	
1000	
1000	
1000	
1000	
1000	
1000	
1000	
1000	
1000	
1000	
1000	
1000	
1000	
1000	
1000	
1000	
1000	
1000	
1000	
1000	
1000	
1000	
1000	
1000	
1000	
1000	
1000	
1000	
1000	
1000	
1000	
1000	
1000	
1000	
1000	
1000	
1000	
1000	
1000	
1000	
1000	
1000	
1000	
1000	
1000	
1000	
1000	
1000	
1000	
1000	
1000	
1000	
1000	
1000	
1000	
1000	
1000	
1000	
1000	
1000	
1000	
1000	
1000	
1000	
1000	
1000	
1000	
1000	
1000	
1000	
1000	
1000	
1000	
1000	
1000	
1000	
1000	
1000	
1000	
1000	
1000	
1000	
1000	
1000	
1000	
1000	
1000	
1000	
1000	
1000	
1000	
1000	
1000	
1000	
1000	
1000	
1000	
1000	
1000	
1000	
1000	
1000	
1000	
1000	
1000	
1000	
1000	
1000	
1000	
1000	
1000	
1000	
1000	
1000	
1000	
1000	
1000	
1000	
1000	
1000	
1000	
1000	
1000	
1000	
1000	
1000	
1000	
1000	
1000	
1000	
1000	
1000	
1000	
1000	
1000	
1000	
1000	
1000	
1000	
1000	
1000	
1000	
1000	
1000	
1000	
1000	
1000	
1000	
1000	
1000	
1000	
1000	
1000	
1000	
1000	
1000	
1000	
1000	
1000	
1000	
1000	
1000	
1000	
1000	
1000	
1000	
1000	
1000	
1000	
1000	
1000	
1000	
1000	
1000	
1000	
1000	
1000	
1000	
1000	
1000	
1000	
1000	
1000	
1000	
1000	
1000	
1000	
1000	
1000	
1000	
1000	
1000	
1000	
1000	
1000	
1000	
1000	
1000	
1000	
1000	
1000	
1000	
1000	
1000	
1000	
1000	
1000	
1000	
1000	
1000	
1000	
1000	
1000	
1000	
1000	
1000	
1000	
1000	
1000	
1000	
1000	
1000	
1000	
1000	
1000	
1000	
1000	
1000	
1000	
1000	
1000	
1000	
1000	
1000	
1000	
1000	
1000	
1000	
1000	
1000	
1000	
1000	
1000	
1000	
1000	
1000	
1000	
1000	
1000	
1000	
1000	
1000	
1000	
1000	
1000	
1000	
1000	
1000	
1000	
1000	
1000	
1000	
1000	
1000	
1000	
1000	
1000	
1000	
1000	
1000	
1000	
1000	
1000	
1000	
1000	
1000	
1000	
1000	
1000	
1000	
1000	
1000	
1000	
1000	
1000	
1000	
1000	
1000	
1000	
1000	
1000	
1000	
1000	
1000	
1000	
1000	
1000	
1000	
1000	
1000	
1000	
1000	
1000	
1000	
1000	
1000	
1000	
1000	
1000	
1000	
1000	
1000	
1000	
1000	
1000	
1000	
1000	
1000	
1000	
1000	
1000	
1000	
1000	
1000	
1000	
1000	
1000	
1000	
1000	
1000	
1000	
1000	
1000	
1000	
1000	
1000	
1000	
1000	
1000	
1000	
1000	
1000	
1000	
1000	
1000	
1000	
1000	
1000	
1000	
1000	
1000	
1000	
1000	
1000	
1000	
1000	
1000	
1000	
1000	
1000	
1000	
1000	
1000	
1000	
1000	
1000	
1000	
1000	
1000	
1000	
1000	
1000	
1000	
1000	
1000	
1000	
1000	
1000	
1000	
1000	
1000	
1000	
1000	
1000	
1000	
1000	
1000	
1000	
1000	
1000	
1000	
1000	
1000	
1000	
1000	
1000	
1000	
1000	
1000	
1000	
1000	
1000	
1000	
1000	
1000	
1000	
1000	
1000	
1000	
1000	
1000	
1000	
1000	
1000	
1000	
1000	
1000	
1000	
1000	
1000	
1000	
1000	
1000	
1000	
1000	
1000	
1000	
1000	
1000	
1000	
1000	
1000	
1000	
1000	
1000	
1000	
1000	
1000	
1000	
1000	
1000	
1000	
1000	
1000	
1000	
1000	
1000	
1000	
1000	
1000	
1000	
1000	
1000	
1000	
1000	
1000	
1000	
1000	
1000	
1000	
1000	
1000	
1000	
1000	
1000	
1000	
1000	
1000	
1000	
1000	
1000	
1000	
1000	
1000	
1000	
1000	
1000	
1000	
1000	
1000	
1000	
1000	
1000	
1000	
1000	
1000	
1000	
1000	
1000	
1000	
1000	
1000	
1000	
1000	
1000	
1000	
1000	
1000	
1000	
1000	
1000	
1000	
1000	
1000	
1000	
1000	
1000	
1000	
1000	
1000	
1000	
1000	
1000	
1000	
1000	
1000	
1000	
1000	
1000	
1000	
1000	
1000	
1000	
1000	
1000	
1000	
1000	
1000	
1000	
1000	
1000	
1000	
1000	
1000	
1000	
1000	
1000	
1000	
1000	
1000	
1000	
1000	
1000	
1000	
1000	
1000	
1000	
1000	
1000	
1000	
1000	
1000	
1000	
1000	
1000	
1000	
1000	
1000	
1000	
1000	
1000	
1000	
1000	
1000	
1000	
1000	
1000	
1000	
1000	
1000	
1000	
1000	
1000	
1000	
1000	
1000	
1000	
1000	
1000	
1000	
1000	
1000	
1000	
1000	
1000	
1000	
1000	
1000	
1000	
1000	
1000	
1000	
1000	
1000	
1000	
1000	
1000	
1000	
1000	
1000	
1000	
1000	
1000	
1000	
1000	
1000	
1000	
1000	
1000	
1000	
1000	
1000	
1000	
1000	
1000	
1000	
1000	
1000	
1000	
1000	
1000	
1000	
1000	
1000	
1000	
1000	
1000	
1000	
1000	
1000	
1000	
1000	
1000	
1000	
1000	
1000	
1000	
1000	
1000	
1000	
1000	
1000	
1000	
1000	
1000	
1000	
1000	
1000	
1000	
1000	
1000	
1000	
1000	
1000	
1000	
1000	
1000	
1000	
1000	
1000	
1000	
1000	
1000	
1000	
1000	
1000	
1000	
1000	
1000	
1000	
1000	
1000	
1000	
1000	
1000	
1000	
1000	
1000	
1000	
1000	
1000	
1000	
1000	
1000	
1000	
1000	
1000	
1000	
1000	
1000	
1000	
1000	
1000	
1000	
1000	
1000	
1000	
1000	
1000	
1000	
1000	
1000	
1000	
1000	
1000	
1000	
1000	
1000	
1000	
1000	
1000	
1000	
1000	
1000	
1000	
1000	
1000	
1000	
1000	
1000	
1000	
1000	
1000	
1000	
1000	
1000	
1000	
1000	
1000	
1000	
1000	
1000	
1000	
1000	
1000	
1000	
1000	
1000	
1000	
1000	
1000	
1000	
1000	
1000	
1000	
1000	
1000	
1000	
1000	
1000	
1000	
1000	
1000	
1000	
1000	
1000	
1000	
1000	
1000	
1000	
1000	
1000	
1000	
1000	
1000	
1000	
1000	
1000	
1000	
1000	
1000	
1000	
1000	
1000	
1000	
1000	
1000	
1000	
1000	
1000	
1000	
1000	
1000	
1000	
1000	
1000	
1000	
1000	
1000	
1000	
1000	
1000	
1000	
1000	
1000	
1000	
1000	
1000	
1000	
1000	
1000	
1000	
1000	
1000	
1000	
1000	
1000	
1000	
1000	
1000	
1000	
1000	
1000	
1000	
1000	
1000	
1000	
1000	
1000	
1000	
1000	
1000	
1000	
1000	
1000	
1000	
1000	
1000	
1000	
1000	
1000	
1000	
1000	
1000	
1000	
1000	
1000	
1000	
1000	
1000	
1000	
1000	
1000	
1000	
1000	
1000	
1000	
1000	
1000	
1000	
1000	
1000	
1000	
1000	
1000	
1000	
1000	
1000	
1000	
1000	
1000	
1000	
1000	
1000	
1000	
1000	
1000	
1000	
1000	
1000	
1000	
1000	
1000	
1000	
1000	
1000	
1000	
1000	
1000	
1000	
1000	
1000	
1000	
1000	
1000	
1000	
1000	
1000	
1000	
1000	
1000	
1000	
1000	
1000	
1000	
1000	
1000	
1000	
1000	
1000	
1000	
1000	
1000	
1000	
1000	
1000	
1000	
1000	
1000	
1000	
1000	
1000	
1000	
1000	
1000	
1000	
1000	
1000	
1000	
1000	
1000	
1000	
1000	
1000	
1000	
1000	
1000	
1000	
1000	
1000	
1000	
1000	
1000	
1000	
1000	
1000	
1000	
1000	
1000	
1000	
1000	
1000	
1000	
1000	
1000	
1000	
1000	
1000	
1000	
1000	
1000	
1000	
1000	
1000	
1000	
1000	
1000	
1000	
1000	
1000	
1000	
1000	
1000	
1000	
1000	
1000	
1000	
1000	
1000	
1000	
1000	
1000	
1000	
1000	
1000	
1000	
1000	
1000	
1000	
1000	
1000	
1000	
1000	
1000	
1000	
1000	
1000	
1000	
1000	
1000	
1000	
1000	
1000	
1000	
1000	
1000	
1000	
1000	
1000	
1000	
1000	
1000	
1000	
1000	
1000	
1000	
1000	
1000	
1000	
1000	
1000	
1000	
1000	
1000	
1000	
1000	
1000	
1000	
1000	
1000	
1000	
1000	
1000	
1000	
1000	
1000	
1000	
1000	
1000	
1000	
1000	
1000	
1000	
1000	
1000	
1000	
1000	
1000	
1000	
1000	
1000	
1000	
1000	
1000	
1000	
1000	
1000	
1000	
1000	
1000	
1000	
1000	
1000	
1000	
1000	
1000	
1000	
1000	
1000	
1000	
1000	
1000	
1000	
1000	
1000	
1000	
1000	
1000	
1000	
1000	
1000	
1000	
1000	
1000	
1000	
1000	
1000	
1000	
1000	
1000	
1000	
1000	
1000	
1000	
1000	
1000	
1000	
1000	
1000	
1000	
1000	
1000	
1000	
1000	
1000	
1000	
1000	
1000	
1000	
1000	
1000	
1000	
1000	
1000	
1000	
1000	
1000	
1000	
1000	
1000	
1000	
1000	
1000	
1000	
1000	
1000	
1000	
1000	
1000	
1000	
1000	
1000	
1000	
1000	
1000	
1000	
1000	
1000	
1000	
1000	
1000	
1000	
1000	
1000	
1000	
1000	
1000	
1000	
1000	
1000	
1000	
1000	
1000	
1000	
1000	
1000	
1000	
1000	
1000	
1000	
1000	
1000	
1000	
1000	
1000	
1000	
1000	
1000	
1000	
1000	
1000	
1000	
1000	
1000	
1000	
1000	
1000	
1000	
1000	
1000	
1000	
1000	
1000	
1000	
1000	
1000	
1000	
1000	
1000	
1000	
1000	
1000	
1000	
1000	
1000	
1000	
1000	
1000	
1000	
1000	
1000	
1000	
1000	
1000	
1000	
1000	
1000	
1000	
1000	
1000	
1000	
1000	
1000	
1000	
1000	
1000	
1000	
1000	
1000	
1000	
1000	
1000	
1000	
1000	
1000	
1000	
1000	
1000	
1000	
1000	
1000	
1000	
1000	
1000	
1000	
1000	
1000	
1000	
1000	
1000	
1000	
1000	
1000	
1000	
1000	
1000	
1000	
1000	
1000	
1000	
1000	
1000	
1000	
1000	
1000	
1000	
1000	
1000	
1000	
1000	
1000	
1000	
1000	
1000	
1000	
1000	
1000	
1000	
1000	
1000	
1000	
1000	
1000	
1000	
1000	
1000	
1000	
1000	
1000	
1000	
1000	
1000	
1000	
1000	
1000	
1000	
1000	
1000	
1000	
1000	
1000	
1000	
1000	
1000	
1000	
1000	
1000	
1000	
1000	
1000	
1000	
1000	
1000	
1000	
1000	
1000	
1000	
1000	
1000	
1000	
1000	
1000	
1000	
1000	
1000	
1000	
1000	
1000	
1000	
1000	
1000	
1000	
1000	
1000	
1000	
1000	
1000	
1000	
1000	
1000	
1000	
1000	
1000	
1000	
1000	
1000	
1000	
1000	
1000	
1000	
1000	
1000	
1000	
1000	
1000	
1000	
1000	
1000	
1000	
1000	
1000	
1000	
1000	
1000	
1000	
1000	
1000	
1000	
1000	
1000	
1000	
1000	
1000	
1000	
1000	
1000	
1000	
1000	
1000	
1000	
1000	
1000	
1000	
1000	
1000	
1000	
1000	
1000	
1000	
1000	
1000	
1000	
1000	
1000	
1000	
1000	
1000	
1000	
1000	
1000	
1000	
1000	
1000	
1000	
1000	
1000	
1000	
1000	
1000	
1000	
1000	
1000	
1000	
1000	
1000	
1000	
1000	
1000	
1000	
1000	
1000	
1000	
1000	
1000	
1000	
1000	
1000	
1000	
1000	
1000	
1000	
1000	
1000	
1000	
1000	
1000	
1000	
1000	
1000	
1000	
1000	
1000	
1000	
1000	
1000	
1000	
1000	
1000	
1000	
1000	
1000	
1000	
1000	
1000	
1000	
1000	
1000	
1000	
1000	
1000	
1000	
1000	
1000	
1000	
1000	
1000	
1000	
1000	
1000	
1000	
1000	
1000	
1000	
1000	
1000	
1000	
1000	
1000	
1000	
1000	
1000	
1000	
1000	
1000	
1000	
1000	
1000	
1000	
1000	
1000	
1000	
1000	
1000	
1000	
1000	
1000	
1000	
1000	
1000	
1000	
1000	
1000	
1000	
1000	
1000	
1000	
1000	
1000	
1000	
1000	
1000	
1000	
1000	
1000	
1000	
1000	
1000	
1000	
1000	
1000	
1000	
1000	
1000	
1000	
1000	
1000	
1000	
1000	
1000	
1000	
1000	
1000	
1000	
1000	
1000	
1000	
1000	
1000	
1000	
1000	
1000	
1000	
1000	
1000	
1000	
1000	
1000	
1000	
1000	
1000	
1000	
1000	
1000	
1000	
1000	
1000	
1000	
1000	
1000	
1000	
1000	
1000	
1000	
1000	
1000	
1000	
1000	
1000	
1000	
1000	
1000	
1000	
1000	
1000	
1000	
1000	
1000	
1000	
1000	
1000	
1000	
1000	
1000	
1000	
1000	
1000	
1000	
1000	
1000	
1000	
1000	
1000	
1000	
1000	
1000	
1000	
1000	
1000	
1000	
1000	
1000	
1000	
1000	
1000	
1000	
1000	
1000	
1000	
1000	
1000	
1000	
1000	
1000	
1000	
1000	
1000	
1000	
1000	
1000	
1000	
1000	
1000	
1000	
1000	
1000	
1000	
1000	
1000	
1000	
1000	
1000	
1000	
1000	
1000	
1000	
1000	
1000	
1000	
1000	
1000	
1000	
1000	
1000	
1000	
1000	
1000	
1000	
1000	
1000	
1000	
1000	
1000	
1000	
1000	
1000	
1000	
1000	
1000	
1000	
1000	
1000	
1000	
1000	
1000	
1000	
1000	
1000	
1000	
1000	
1000	
1000	
1000	
1000	
1000	
1000	
1000	
1000	
1000	
1000	
1000	
1000	
1000	
1000	
1000	
1000	
1000	
1000	
1000	
1000	
1000	
1000	
1000	
1000	
1000	
1000	
1000	
1000	
1000	
1000	
1000	
1000	
1000	
1000	
1000	
1000	
1000	
1000	
1000	
1000	
1000	
1000	
1000	
1000	
1000	
1000	
1000	
1000	
1000	
1000	
1000	
1000	
1000	
1000	
1000	
1000	
1000	
1000	
1000	
1000	
1000	
1000	
1000	
1000	
1000	
1000	
1000	
1000	
1000	
1000	
1000	
1000	
1000	
1000	
1000	
1000	
1000	
1000	
1000	
1000	
1000	
1000	
1000	
1000	
1000	
1000	
1000	
1000	
1000	
1000	
1000	
1000	
1000	
1000	
1000	
1000	
1000	
1000	
1000	
1000	
1000	
1000	
1000	
1000	
1000	
1000	
1000	
1000	
1000	
1000	
1000	
1000	
1000	
1000	
1000	
1000	
1000	
1000	
1000	
1000	
1000	
1000	
1000	
1000	
1000	
1000	
1000	
1000	
1000	
1000	
1000	
1000	
1000	
1000	
1000	
1000	
1000	
1000	
1000	
1000	
1000	
1000	
1000	
1000	
1000	
1000	
1000	
1000	
1000	
1000	
1000	
1000	
1000	
1000	
1000	
1000	
1000	
1000	
1000	
1000	
1000	
1000	
1000	
1000	
1000	
1000	
1000	
1000	
1000	
1000	
1000	
1000	
1000	
1000	
1000	
1000	
1000	
1000	
1000	
1000	
1000	
1000	
1000	
1000	
1000	
1000	
1000	
1000	
1000	
1000	
1000	
1000	
1000	
1000	
1000	
1000	
1000	
1000	
1000	
1000	
1000	
1000	
1000	
1000	
1000	
1000	
1000	
1000	
1000	
1000	
1000	
1000	
1000	
1000	
1000	
1000	
1000	
1000	
1000	
1000	
1000	
1000	
1000	
1000	
1000	
1000	
1000	
1000	
1000	
1000	
1000	
1000	
1000	
1000	
1000	
1000	
1000	
1000	
1000	
1000	
1000	
1000	
1000	
1000	
1000	
1000	
1000	
1000	
1000	
1000	
1000	
1000	
1000	
1000	
1000	
1000	
1000	
1000	
1000	
1000	
1000	
1000	
1000	
1000	
1000	
1000	
1000	
1000	
1000	
1000	
1000	
1000	
1000	
1000	
1000	
1000	
1000	
1000	
1000	
1000	
1000	
1000	
1000	
1000	
1000	
1000	
1000	
1000	
1000	
1000	
1000	
1000	
1000	
1000	
1000	
1000	
1000	
1000	
1000	
1000	
1000	
1000	
1000	
1000	
1000	
1000	
1000	
1000	
1000	
1000	
1000	
1000	
1000	
1000	
1000	
1000	
1000	
1000	
1000	
1000	
1000	
1000	
1000	
1000	
1000	
1000	
1000	
1000	
1000	
1000	
1000	
1000	
1000	
1000	
1000	
1000	
1000	
1000	
1000	
1000	
1000	
1000	
1000	
1000	
1000	
1000	
1000	
1000	
1000	
1000	
1000	
1000	
1000	
1000	
1000	
1000	
1000	
1000	
1000	
1000	
1000	
1000	
1000	
1000	
1000	
1000	
1000	
1000	
1000	
1000	
1000	
1000	
1000	
1000	
1000	
1000	
1000	
1000	
1000	
1000	
1000	
1000	
1000	
1000	
1000	
1000	
1000	
1000	
1000	
1000	
1000	
1000	
1000	
1000	
1000	
1000	
1000	
1000	
1000	
1000	
1000	
1000	
1000	
1000	
1000	
1000	
1000	
1000	
1000	
1000	
1000	
1000	
1000	
1000	
1000	
1000	
1000	
1000	
1000	
1000	
1000	
1000	
1000	
1000	
1000	
1000	
1000	
1000	
1000	
1000	
1000	
1000	
1000	
1000	
1000	
1000	
1000	
1000	
1000	
1000	
1000	
1000	
1000	
1000	
1000	
1000	
1000	
1000	
1000	
1000	
1000	
1000	
1000	
1000	
1000	
1000	
1000	
1000	
1000	
1000	
1000	
1000	
1000	
1000	
1000	
1000	
1000	
1000	
1000	
1000	
1000	
1000	
1000	
1000	
1000	
1000	
1000	
1000	
1000	
1000	
1000	
1000	
1000	
1000	
1000	
1000	
1000	
1000	
1000	
1000	
1000	
1000	
1000	
1000	
1000	
1000	
1000	
1000	
1000	
1000	
1000	
1000	
1000	
1000	
1000	
1000	
1000	
1000	
1000	
1000	
1000	
1000	
1000	
1000	
1000	
1000	
1000	
1000	
1000	
1000	
1000	
1000	
1000	
1000	
1000	
1000	
1000	
1000	
1000	
1000	
1000	
1000	
1000	
1000	
1000	
1000	
1000	
1000	
1000	
1000	
1000	
1000	
1000	
1000	
1000	
1000	
1000	
1000	
1000	
1000	
1000	
1000	
1000	
1000	
1000	
1000	
1000	
1000	
1000	
1000	
1000	
1000	
1000	
1000	
1000	
1000	
1000	
1000	
1000	
1000	
1000	
1000	
1000	
1000	
1000	
1000	
1000	
1000	
1000	
1000	
1000	
1000	
1000	
1000	
1000	
1000	
1000	
1000	
1000	
1000	
1000	
1000	
1000	
1000	
1000	
1000	
1000	
1000	
1000	
1000	
1000	
1000	
1000	
1000	
1000	
1000	
1000	
1000	
1000	
1000	
1000	
1000	
1000	
1000	
1000	
1000	
1000	
1000	
1000	
1000	
1000	
1000	
1000	
1000	
1000	
1000	
1000	
1000	
1000	
1000	
1000	
1000	
1000	
1000	
1000	
1000	
1000	
1000	
1000	
1000	
1000	
1000	
1000	
1000	
1000	
1000	
1000	
1000	
1000	
1000	
1000	
1000	
1000	
1000	
1000	
1000	
1000	
1000	
1000	
1000	
1000	
1000	
1000	
1000	
1000	
1000	
1000	
1000	
1000	
1000	
1000	
1000	
1000	
1000	
1000	
1000	
1000	
1000	
1000	
1000	
1000	
1000	
1000	
1000	
1000	
1000	
1000	
1000	
1000	
1000	
1000	
1000	
1000	
1000	
1000	
1000	
1000	
1000	
1000	
1000	
1000	
1000	
1000	
1000	
1000	
1000	
1000	
1000	
1000	
1000	
1000	
1000	
1000	
1000	
1000	
1000	
1000	
1000	
1000	
1000	
1000	
1000	
1000	
1000	
1000	
1000	
1000	
1000	
1000	
1000	
1000	
1000	
1000	
1000	
1000	
1000	
1000	
1000	
1000	
1000	
1000	
1000	
1000	
1000	
1000	
1000	
1000	
1000	
1000	
1000	
1000	
1000	
1000	
1000	
1000	
1000	
1000	
1000	
1000	
1000	
1000	
1000	
1000	
1000	
1000	
1000	
1000	
1000	
1000	
1000	
1000	
1000	
1000	
1000	
1000	
1000	
1000	
1000	
1000	
1000	
1000	
1000	
1000	
1000	
1000	
1000	
1000	
1000	
1000	
1000	
1000	
1000	
1000	
1000	
1000	
1000	
1000	
1000	
1000	
1000	
1000	
1000	
1000	
1000	
1000	
1000	
1000	
1000	
1000	
1000	
1000	
1000	
1000	
1000	
1000	
1000	
1000	
1000	
1000	
1000	
1000	
1000	
1000	
1000	
1000	
1000	
1000	
1000	
1000	
1000	
1000	
1000	
1000	
1000	
1000	
1000	
1000	
1000	
1000	
1000	
1000	
1000	
1000	
1000	
1000	
1000	
1000	
1000	
1000	
1000	
1000	
1000	
1000	
1000	
1000	
1000	
1000	
1000	
1000	
1000	
1000	
1000	
1000	
1000	
1000	
1000	
1000	
1000	
1000	
1000	
1000	
1000	
1000	
1000	
1000	
1000	
1000	
1000	
1000	
1000	
1000	
1000	
1000	
1000	
1000	
1000	
1000	
1000	
1000	
1000	
1000	
1000	
1000	
1000	
1000	
1000	
1000	
1000	
1000	
1000	
1000	
1000	
1000	
1000	
1000	
1000	
1000	
1000	
1000	
1000	
1000	
1000	
1000	
1000	
1000	
1000	
1000	
1000	
1000	
1000	
1000	
1000	
1000	
1000	
1000	
1000	
1000	
1000	
1000	
1000	
1000	
1000	
1000	
1000	
1000	
1000	
1000	
1000	
1000	
1000	
1000	
1000	
1000	
1000	
1000	
1000	
1000	
1000	
1000	
1000	
1000	
1000	
1000	
1000	
1000	
1000	
1000	
1000	
1000	
1000	
1000	
1000	
1000	
1000	
1000	
1000	
1000	
1000	
1000	
1000	
1000	
1000	
1000	
1000	
1000	
1000	
1000	
1000	
1000	
1000	
1000	
1000	
1000	
1000	
1000	
1000	
1000	
1000	
1000	
1000	
1000	
1000	
1000	
1000	
1000	
1000	
1000	
1000	
1000	
1000	
1000	
1000	
1000	
1000	
1000	
1000	
1000	
1000	
1000	
1000	
1000	
1000	
1000	
1000	
1000	
1000	
1000	
1000	
1000	
1000	
1000	
1000	
1000	
1000	
1000	
1000	
1000	
1000	
1000	
1000	
1000	
1000	
1000	
1000	
1000	
1000	
1000	
1000	
1000	
1000	
1000	
1000	
1000	
1000	
1000	
1000	
1000	
1000	
1000	
1000	
1000	
1000	
1000	
1000	
1000	
1000	
1000	
1000	
1000	
1000	
1000	
1000	
1000	
1000	
1000	
1000	
1000	
1000	
1000	
1000	
1000	
1000	
1000	
1000	
1000	
1000	
1000	
1000	
1000	
1000	
1000	
1000	
1000	
1000	
1000	
1000	
1000	
1000	
1000	
1000	
1000	
1000	
1000	
1000	
1000	
1000	
1000	
1000	
1000	
1000	
1000	
1000	
1000	
1000	
1000	
1000	
1000	
1000	
1000	
1000	
1000	
1000	
1000	
1000	
1000	
1000	
1000	
1000	
1000	
1000	
1000	
1000	
1000	
1000	
1000	
1000	
1000	
1000	
1000	
1000	
1000	
1000	
1000	
1000	
1000	
1000	
1000	
1000	
1000	
1000	
1000	
1000	
1000	
1000	
1000	
1000	
1000	
1000	
1000	
1000	
1000	
1000	
1000	
1000	
1000	
1000	
1000	
1000	
1000	
1000	
1000	
1000	
1000	
1000	
1000	
1000	
1000	
1000	
1000	
1000	
1000	
1000	
1000	
1000	
1000	
1000	
1000	
1000	
1000	
1000	
1000	
1000	
1000	
1000	
1000	
1000	
1000	
1000	
1000	
1000	
1000	
1000	
1000	
1000	
1000	
1000	
1000	
1000	
1000	
1000	
1000	
1000	
1000	
1000	
1000	
1000	
1000	
1000	
1000	
1000	
1000	
1000	
1000	
1000	
1000	
1000	
1000	
1000	
1000	
1000	
1000	
1000	
1000	
1000	
1000	
1000	
1000	
1000	
1000	
1000	
1000	
1000	
1000	
1000	
1000	
1000	
1000	
1000	
1000	
1000	
1000	
1000	
1000	
1000	
1000	
1000	
1000	
1000	
1000	
1000	
1000	
1000	
1000	
1000	
1000	
1000	
1000	
1000	
1000	
1000	
1000	
1000	
1000	
1000	
1000	
1000	
1000	
1000	
1000	
1000	
1000	
1000	
1000	
1000	
1000	
1000	
1000	
1000	
1000	
1000	
1000	
1000	
1000	
1000	
1000	
1000	
1000	
1000	
1000	
1000	
1000	
1000	
1000	
1000	
1000	
1000	
1000	
1000	
1000	
1000	
1000	
1000	
1000	
1000	
1000	
1000	
1000	
1000	
1000	
1000	
1000	
1000	
1000	
1000	
1000	
1000	
1000	
1000	
1000	
1000	
1000	
1000	
1000	
1000	
1000	
1000	
1000	
1000	
1000	
1000	
1000	
1000	
1000	
1000	
1000	
1000	
1000	
1000	
1000	
1000	
1000	
1000	
1000	
1000	
1000	
1000	
1000	
1000	
1000	
1000	
1000	
1000	
1000	
1000	
1000	
1000	
1000	
1000	
1000	
1000	
1000	
1000	
1000	
1000	
1000	
1000	
1000	
1000	
1000	
1000	
1000	
1000	
1000	
1000	
1000	
1000	
1000	
1000	
1000	
1000	
1000	
1000	
1000	
1000	
1000	
1000	
1000	
1000	
1000	
1000	
1000	
1000	
1000	
1000	
1000	
1000	
1000	
1000	
1000	
1000	
1000	
1000	
1000	
1000	
1000	
1000	
1000	
1000	
1000	
1000	
1000	
1000	
1000	
1000	
1000	
1000	
1000	
1000	
1000	
1000	
1000	
1000	
1000	
1000	
1000	
1000	
1000	
1000	
1000	
1000	
1000	
1000	
1000	
1000	
1000	
1000	
1000	
1000	
1000	
1000	
1000	
1000	
1000	
1000	
1000	
1000	
1000	
1000	
1000	
1000	
1000	
1000	
1000	
1000	
1000	
1000	
1000	
1000	
1000	
1000	
1000	
1000	
1000	
1000	
1000	
1000	
1000	
1000	
1000	
1000	
1000	
1000	
1000	
1000	
1000	
1000	
1000	
1000	
1000	
1000	
1000	
1000	
1000	
1000	
1000	
1000	
1000	
1000	
1000	
1000	
1000	
1000	
1000	
1000	
1000	
1000	
1000	
1000	
1000	
1000	
1000	
1000	
1000	
1000	
1000	
1000	
1000	
1000	
1000	
1000	
1000	
1000	
1000	
1000	
1000	
1000	
1000	
1000	
1000	
1000	
1000	
1000	
1000	
1000	
1000	
1000	
1000	
1000	
1000	
1000	
1000	
1000	
1000	
1000	
1000	
1000	
1000	
1000	
1000	
1000	
1000	
1000	
1000	
1000	
1000	
1000	
1000	
1000	
1000	
1000	
1000	
1000	
1000	
1000	
1000	
1000	
1000	
1000	
1000	
1000	
1000	
1000	
1000	
1000	
1000	
1000	
1000	
1000	
1000	
1000	
1000	
1000	
1000	
1000	
1000	
1000	
1000	
1000	
1000	
1000	
1000	
1000	
1000	
1000	
1000	
1000	
1000	
1000	
1000	
1000	
1000	
1000	
1000	
1000	
1000	
1000	
1000	
1000	
1000	
1000	
1000	
1000	
1000	
1000	
1000	
1000	
1000	
1000	
1000	
1000	
1000	
1000	
1000	
1000	
1000	
1000	
1000	
1000	
1000	
1000	
1000	
1000	
1000	
1000	
1000	
1000	
1000	
1000	
1000	
1000	
1000	
1000	
1000	
1000	
1000	
1000	
1000	
1000	
1000	
1000	
1000	
1000	
1000	
1000	
1000	
1000	
1000	
1000	
1000	
1000	
1000	
1000	
1000	
1000	
1000	
1000	
1000	
1000	
1000	
1000	
1000	
1000	
1000	
1000	
1000	
1000	
1000	
1000	
1000	
1000	
1000	
1000	
1000	
1000	
1000	
1000	
1000	
1000	
1000	
1000	
1000	
1000	
1000	
1000	
1000	
1000	
1000	
1000	
1000	
1000	
1000	
1000	
1000	
1000	
1000	
1000	
1000	
1000	
1000	
1000	
1000	
1000	
1000	
1000	
1000	
1000	
1000	
1000	
1000	
1000	
1000	
1000	
1000	
1000	
1000	
1000	
1000	
1000	
1000	
1000	
1000	
1000	
1000	
1000	
1000	
1000	
1000	
1000	
1000	
1000	
1000	
1000	
1000	
1000	
1000	
1000	
1000	
1000	
1000	
1000	
1000	
1000	
1000	
1000	
1000	
1000	
1000	
1000	
1000	
1000	
1000	
1000	
1000	
1000	
1000	
1000	
1000	
1000	
1000	
1000	
1000	
1000	
1000	
1000	
1000	
1000	
1000	
1000	
1000	
1000	
1000	
1000	
1000	
1000	
1000	
1000	
1000	
1000	
1000	
1000	
1000	
1000	
1000	
1000	
1000	
1000	
1000	
1000	
1000	
1000	
1000	
1000	
1000	
1000	
1000	
1000	
1000	
1000	
1000	
1000	
1000	
1000	
1000	
1000	
1000	
1000	
1000	
1000	
1000	
1000	
1000	
1000	
1000	
1000	
1000	
1000	
1000	
1000	
1000	
1000	
1000	
1000	
1000	
1000	
1000	
1000	
1000	
1000	
1000	
1000	
1000	
1000	
1000	
1000	
1000	
1000	
1000	
1000	
1000	
1000	
1000	
1000	
1000	
1000	
1000	
1000	
1000	
1000	
1000	
1000	
1000	
1000	
1000	
1000	
1000	
1000	
1000	
1000	
1000	
1000	
1000	
1000	
1000	
1000	
1000	
1000	
1000	
1000	
1000	
1000	
1000	
1000	
1000	
1000	
1000	
1000	
1000	
1000	
1000	
1000	
1000	
1000	
1000	
1000	
1000	
1000	
1000	
1000	
1000	
1000	
1000	
1000	
1000	
1000	
1000	
1000	
1000	
1000	
1000	
1000	
1000	
1000	
1000	
1000	
1000	
1000	
1000	
1000	
1000	
1000	
1000	
1000	
1000	
1000	
1000	
1000	
1000	
1000	
1000	
1000	
1000	
1000	
1000	
1000	
1000	
1000	
1000	
1000	
1000	
1000	
1000	
1000	
1000	
1000	
1000	
1000	
1000	
1000	
1000	
1000	
1000	
1000	
1000	
1000	
1000	
1000	
1000	
1000	
1000	
1000	
1000	
1000	
1000	
1000	
1000	
1000	
1000	
1000	
1000	
1000	
1000	
1000	
1000	
1000	
1000	
1000	
1000	
1000	
1000	
1000	
1000	
1000	
1000	
1000	
1000	
1000	
1000	
1000	
1000	
1000	
1000	
1000	
1000	
1000	
1000	
1000	
1000	
1000	
1000	
1000	
1000	
1000	
1000	
1000	
1000	
1000	
1000	
1000	
1000	
1000	
1000	
1000	
1000	
1000	
1000	
1000	
1000	
1000	
1000	
1000	
1000	
1000	
1000	
1000	
1000	
1000	
1000	
1000	
1000	
1000	
1000	
1000	
1000	
1000	
1000	
1000	
1000	
1000	
1000	
1000	
1000	
1000	
1000	
1000	
1000	
1000	
1000	
1000	
1000	
1000	
1000	
1000	
1000	
1000	
1000	
1000	
1000	
1000	
1000	
1000	
1000	
1000	
1000	
1000	
1000	
1000	
1000	
1000	
1000	
1000	
1000	
1000	
1000	
1000	
1000	
1000	
1000	
1000	
1000	
1000	
1000	
1000	
1000	
1000	
1000	
1000	
1000	
1000	
1000	
1000	
1000	
1000	
1000	
1000	
1000	
1000	
1000	
1000	
1000	
1000	
1000	
1000	
1000	
1000	
1000	
1000	
1000	
1000	
1000	
1000	
1000	
1000	
1000	
1000	
1000	
1000	
1000	
1000	
1000	
1000	
1000	
1000	
1000	
1000	
1000	
1000	
1000	
1000	
1000	
1000	
1000	
1000	
1000	
1000	
1000	
1000	
1000	
1000	
1000	
1000	
1000	
1000	
1000	
1000	
1000	
1000	
1000	
1000	
1000	
1000	
1000	
1000	
1000	
1000	
1000	
1000	
1000	
1000	
1000	
1000	
1000	
1000	
1000	
1000	
1000	
1000	
1000	
1000	
1000	
1000	
1000	
1000	
1000	
1000	
1000	
1000	
1000	
1000	
1000	
1000	
1000	
1000	
1000	
1000	
1000	
1000	
1000	
1000	
1000	
1000	
1000	
1000	
1000	
1000	
1000	
1000	
1000	
1000	
1000	
1000	
1000	
1000	
1000	
1000	
1000	
1000	
1000	
1000	
1000	
1000	
1000	
1000	
1000	
1000	
1000	
1000	
1000	
1000	
1000	
1000	
1000	
1000	
1000	
1000	
1000	
1000	
1000	
1000	
1000	
1000	
1000	
1000	
1000	
1000	
1000	
1000	
1000	
1000	
1000	
1000	
1000	
1000	
1000	
1000	
1000	
1000	
1000	
1000	
1000	
1000	
1000	
1000	
1000	
1000	
1000	
1000	
1000	
1000	
1000	
1000	
1000	
1000	
1000	
1000	
1000	
1000	
1000	
1000	
1000	
1000	
1000	
1000	
1000	
1000	
1000	
1000	
1000	
1000	
1000	
1000	
1000	
1000	
1000	
1000	
1000	
1000	
1000	
1000	
1000	
1000	
1000	
1000	
1000	
1000	
1000	
1000	
1000	
1000	
1000	
1000	
1000	
1000	
1000	
1000	
1000	
1000	
1000	
1000	
1000	
1000	
1000	
1000	
1000	
1000	
1000	
1000	
1000	
1000	
1000	
1000	
1000	
1000	
1000	
1000	
1000	
1000	
1000	
1000	
1000	
1000	
1000	
1000	
1000	
1000	
1000	
1000	
1000	
1000	
1000	
1000	
1000	
1000	
1000	
1000	
1000	
1000	
1000	
1000	
1000	
1000	
1000	
1000	
1000	
1000	
1000	
1000	
1000	
1000	
1000	
1000	
1000	
1000	
1000	
1000	
1000	
1000	
1000	
1000	
1000	
1000	
1000	
1000	
1000	
1000	
1000	
1000	
1000	
1000	
1000	
1000	
1000	
1000	
1000	
1000	
1000	
1000	
1000	
1000	
1000	
1000	
1000	
1000	
1000	
1000	
1000	
1000	
1000	
1000	
1000	
1000	
1000	
1000	
1000	
1000	
1000	
1000	
1000	
1000	
1000	
1000	
1000	
1000	
1000	
1000	
1000	
1000	
1000	
1000	
1000	
1000	
1000	
1000	
1000	
1000	
1000	
1000	
1000	
1000	
1000	
1000	
1000	
1000	
1000	
1000	
1000	
1000	
1000	
1000	
1000	
1000	
1000	
1000	
1000	
1000	
1000	
1000	
1000	
1000	
1000	
1000	
1000	
1000	
1000	
1000	
1000	
1000	
1000	
1000	
1000	
1000	
1000	
1000	
1000	
1000	
1000	
1000	
1000	
1000	
1000	
1000	
1000	
1000	
1000	
1000	
1000	
1000	
1000	
1000	
1000	
1000	
1000	
1000	
1000	
1000	
1000	
1000	
1000	
1000	
1000	
1000	
1000	
1000	
1000	
1000	
1000	
1000	
1000	
1000	
1000	
1000	
1000	
1000	
1000	
1000	
1000	
1000	
1000	
1000	
1000	
1000	
1000	
1000	
1000	
1000	
1000	
1000	
1000	
1000	
1000	
1000	
1000	
1000	
1000	
1000	
1000	
1000	
1000	
1000	
1000	
1000	
1000	
1000	
1000	
1000	
1000	
1000	
1000	
1000	
1000	
1000	
1000	
1000	
1000	
1000	
1000	
1000	
1000	
1000	
1000	
1000	
1000	
1000	
1000	
1000	
1000	
1000	
1000	
1000	
1000	
1000	
1000	
1000	
1000	
1000	
1000	
1000	
1000	
1000	
1000	
1000	
1000	
1000	
1000	
1000	
1000	
1000	
1000	
1000	
1000	
1000	
1000	
1000	
1000	
1000	
1000	
1000	
1000	
1000	
1000	
1000	
1000	
1000	
1000	
1000	
1000	
1000	
1000	
1000	
1000	
1000	
1000	
1000	
1000	
1000	
1000	
1000	
1000	
1000	
1000	
1000	
1000	
1000	
1000	
1000	
1000	
1000	
1000	
1000	
1000	
1000	
1000	
1000	
1000	
1000	
1000	
1000	
1000	
1000	
1000	
1000	
1000	
1000	
1000	
1000	
1000	
1000	
1000	
1000	
1000	
1000	
1000	
1000	
1000	
1000	
1000	
1000	
1000	
1000	
1000	
1000	
1000	
1000	
1000	
1000	
1000	
1000	
1000	
1000	
1000	
1000	
1000	
1000	
1000	
1000	
1000	
1000	
1000	
1000	
1000	
1000	
1000	
1000	
1000	
1000	
1000	
1000	
1000	
1000	
1000	
1000	
1000	
1000	
1000	
1000	
1000	
1000	
1000	
1000	
1000	
1000	
1000	
1000	
1000	
1000	
1000	
1000	
1000	
1000	
1000	
1000	
1000	
1000	
1000	
1000	
1000	
1000	
1000	
1000	
1000	
1000	
1000	
1000	
1000	
1000	
1000	
1000	
1000	
1000	
1000	
1000	
1000	
1000	
1000	
1000	
1000	
1000	
1000	
1000	
1000	
1000	
1000	
1000	
1000	
1000	
1000	
1000	
1000	
1000	
1000	
1000	
1000	
1000	
1000	
1000	
1000	
1000	
1000	
1000	
1000	
1000	
1000	
1000	
1000	
1000	
1000	
1000	
1000	
1000	
1000	
1000	
1000	
1000	
1000	
1000	
1000	
1000	
1000	
1000	
1000	
1000	
1000	
1000	
1000	
1000	
1000	
1000	
1000	
1000	
1000	
1000	
1000	
1000	
1000	
1000	
1000	
1000	
1000	
1000	
1000	
1000	
1000	
1000	
1000	
1000	
1000	
1000	
1000	
1000	
1000	
1000	
1000	
1000	
1000	
1000	
1000	
1000	
1000	
1000	
1000	
1000	
1000	
1000	
1000	
1000	
1000	
1000	
1000	
1000	
1000	
1000	
1000	
1000	
1000	
1000	
1000	
1000	
1000	
1000	
1000	
1000	
1000	
1000	
1000	
1000	
1000	
1000	
1000	
1000	
1000	
1000	
1000	
1000	
1000	
1000	
1000	
1000	
1000	
1000	
1000	
1000	
1000	
1000	
1000	
1000	
1000	
1000	
1000	
1000	
1000	
1000	
1000	
1000	
1000	
1000	
1000	
1000	
1000	
1000	
1000	
1000	
1000	
1000	
1000	
1000	
1000	
1000	
1000	
1000	
1000	
1000	
1000	
1000	
1000	
1000	
1000	
1000	
1000	
1000	
1000	
1000	
1000	
1000	
1000	
1000	
1000	
1000	
1000	
1000	
1000	
1000	
1000	
1000	
1000	
1000	
1000	
1000	
1000	
1000	
1000	
1000	
1000	
1000	
1000	
1000	
1000	
1000	
1000	
1000	
1000	
1000	
1000	
1000	
1000	
1000	
1000	
1000	
1000	
1000	
1000	
1000	
1000	
1000	
1000	
1000	
1000	
1000	
1000	
1000	
1000	
1000	
1000	
1000	
1000	
1000	
1000	
1000	
1000	
1000	
1000	
1000	
1000	
1000	
1000	
1000	
1000	
1000	
1000	
1000	
1000	
1000	
1000	
1000	
1000	
1000	
1000	
1000	
1000	
1000	
1000	
1000	
1000	
1000	
1000	
1000	
1000	
1000	
1000	
1000	
1000	
1000	
1000	
1000	
1000	
1000	
1000	
1000	
1000	
1000	
1000	
1000	
1000	
1000	
1000	
1000	
1000	
1000	
1000	
1000	
1000	
1000	
1000	
1000	
1000	
1000	
1000	
1000	
1000	
1000	
1000	
1000	
1000	
1000	
1000	
1000	
1000	
1000	
1000	
1000	
1000	
1000	
1000	
1000	
1000	
1000	
1000	
1000	
1000	
1000	
1000	
1000	
1000	
1000	
1000	
1000	
1000	
1000	
1000	
1000	
1000	
1000	
1000	
1000	
1000	
1000	
1000	
1000	
1000	
1000	
1000	
1000	
1000	
1000	
1000	
1000	
1000	
1000	
1000	
1000	
1000	
1000	
1000	
1000	
1000	
1000	
1000	
1000	
1000	
1000	
1000	
1000	
1000	
1000	
1000	
1000	
1000	
1000	
1000	
1000	
1000	
1000	
1000	
1000	
1000	
1000	
1000	
1000	
1000	
1000	
1000	
1000	
1000	
1000	
1000	
1000	
1000	
1000	
1000	
1000	
1000	
1000	
1000	
1000	
1000	
1000	
1000	
1000	
1000	
1000	
1000	
1000	
1000	
1000	
1000	
1000	
1000	
1000	
1000	
1000	
1000	
1000	
1000	
1000	
1000	
1000	
1000	
1000	
1000	
1000	
1000	
1000	
1000	
1000	
1000	
1000	
1000	
1000	
1000	
1000	
1000	
1000	
1000	
1000	
1000	
1000	
1000	
1000	
1000	
1000	
1000	
1000	
1000	
1000	
1000	
1000	
1000	
1000	
1000	
1000	
1000	
1000	
1000	
1000	
1000	
1000	
1000	
1000	
1000	
1000	
1000	
1000	
1000	
1000	
1000	
1000	
1000	
1000	
1000	
1000	
1000	
1000	
1000	
1000	
1000	
1000	
1000	
1000	
1000	
1000	
1000	
1000	
1000	
1000	
1000	
1000	
1000	
1000	
1000	
1000	
1000	
1000	
1000	
1000	
1000	
1000	
1000	
1000	
1000	
1000	
1000	
1000	
1000	
1000	
1000	
1000	
1000	
1000	
1000	
1000	
1000	
1000	
1000	
1000	
1000	
1000	
1000	
1000	
1000	
1000	
1000	
1000	
1000	
1000	
1000	
1000	
1000	
1000	
1000	
1000	
1000	
1000	
1000	
1000	
1000	
1000	
1000	
1000	
1000	
1000	
1000	
1000	
1000	
1000	
1000	
1000	
1000	
1000	
1000	
1000	
1000	
1000	
1000	
1000	
1000	
1000	
1000	
1000	
1000	
1000	
1000	
1000	
1000	
1000	
1000	
1000	
1000	
1000	
1000	
1000	
1000	
1000	
1000	
1000	
1000	
1000	
1000	
1000	
1000	
1000	
1000	
1000	
1000	
1000	
1000	
1000	
1000	
1000	
1000	
1000	
1000	
1000	
1000	
1000	
1000	
1000	
1000	
1000	
1000	
1000	
1000	
1000	
1000	
1000	
1000	
1000	
1000	
1000	
1000	
1000	
1000	
1000	
1000	
1000	
1000	
1000	
1000	
1000	
1000	
1000	
1000	
1000	
1000	
1000	
1000	
1000	
1000	
1000	
1000	
1000	
1000	
1000	
1000	
1000	
1000	
1000	
1000	
1000	
1000	
1000	
1000	
1000	
1000	
1000	
1000	
1000	
1000	
1000	
1000	
1000	
1000	
1000	
1000	
1000	
1000	
1000	
1000	
1000	
1000	
1000	
1000	
1000	
1000	
1000	
1000	
1000	
1000	
1000	
1000	
1000	
1000	
1000	
1000	
1000	
1000	
1000	
1000	
1000	
1000	
1000	
1000	
1000	
1000	
1000	
1000	
1000	
1000	
1000	
1000	
1000	
1000	
1000	
1000	
1000	
1000	
1000	
1000	
1000	
1000	
1000	
1000	
1000	
1000	
1000	
1000	
1000	
1000	
1000	
1000	
1000	
1000	
1000	
1000	
1000	
1000	
1000	
1000	
1000	
1000	
1000	
1000	
1000	
1000	
1000	
1000	
1000	
1000	
1000	
1000	
1000	
1000	
1000	
1000	
1000	
1000	
1000	
1000	
1000	
1000	
1000	
1000	
1000	
1000	
1000	
1000	
1000	
1000	
1000	
1000	
1000	
1000	
1000	
1000	
1000	
1000	
1000	
1000	
1000	
1000	
1000	
1000	
1000	
1000	
1000	
1000	
1000	
1000	
1000	
1000	
1000	
1000	
1000	
1000	
1000	
1000	
1000	
1000	
1000	
1000	
1000	
1000	
1000	
1000	
1000	
1000	
1000	
1000	
1000	
1000	
1000	
1000	
1000	
1000	
1000	
1000	
1000	
1000	
1000	
1000	
1000	
1000	
1000	
1000	
1000	
1000	
1000	
1000	
1000	
1000	
1000	
1000	
1000	
1000	
1000	
1000	
1000	
1000	
1000	
1000	
1000	
1000	
1000	
1000	
1000	
1000	
1000	
1000	
1000	
1000	
1000	
1000	
1000	
1000	
1000	
1000	
1000	
1000	
1000	
1000	
1000	
1000	
1000	
1000	
1000	
1000	
1000	
1000	
1000	
1000	
1000	
1000	
1000	
1000	
1000	
1000	
1000	
1000	
1000	
1000	
1000	
1000	
1000	
1000	
1000	
1000	
1000	
1000	
1000	
1000	
1000	
1000	
1000	
1000	
1000	
1000	
1000	
1000	
1000	
1000	
1000	
1000	
1000	
1000	
1000	
1000	
1000	
1000	
1000	
1000	
1000	
1000	
1000	
1000	
1000	
1000	
1000	
1000	
1000	
1000	
1000	
1000	
1000	
1000	
1000	
1000	
1000	
1000	
1000	
1000	
1000	
1000	
1000	
1000	
1000	
1000	
1000	
1000	
1000	
1000	
1000	
1000	
1000	
1000	
1000	
1000	
1000	
1000	
1000	
1000	
1000	
1000	
1000	
1000	
1000	
1000	
1000	
1000	
1000	
1000	
1000	
1000	
1000	
1000	
1000	
1000	
1000	
1000	
1000	
1000	
1000	
1000	
1000	
1000	
1000	
1000	
1000	
1000	
1000	
1000	
1000	
1000	
1000	
1000	
1000	
1000	
1000	
1000	
1000	
1000	
1000	
1000	
1000	
1000	
1000	
1000	
1000	
1000	
1000	
1000	
1000	
1000	
1000	
1000	
1000	
1000	
1000	
1000	
1000	
1000	
1000	
1000	
1000	
1000	
1000	
1000	
1000	
1000	
1000	
1000	
1000	
1000	
1000	
1000	
1000	
1000	
1000	
1000	
1000	
1000	
1000	
1000	
1000	
1000	
1000	
1000	
1000	
1000	
1000	
1000	
1000	
1000	
1000	
1000	
1000	
1000	
1000	
1000	
1000	
1000	
1000	
1000	
1000	
1000	
1000	
1000	
1000	
1000	
1000	
1000	
1000	
1000	
1000	
1000	
1000	
1000	
1000	
1000	
1000	
1000	
1000	
1000	
1000	
1000	
1000	
1000	
1000	
1000	
1000	
1000	
1000	
1000	
1000	
1000	
1000	
1000	
1000	
1000	
1000	
1000	
1000	
1000	
1000	
1000	
1000	
1000	
1000	
1000	
1000	
1000	
1000	
1000	
1000	
1000	
1000	
1000	
1000	
1000	
1000	
1000	
1000	
1000	
1000	
1000	
1000	
1000	
1000	
1000	
1000	
1000	
1000	
1000	
1000	
1000	
1000	
1000	
1000	
1000	
1000	
1000	
1000	
1000	
1000	
1000	
1000	
1000	
1000	
1000	
1000	
1000	
1000	
1000	
1000	
1000	
1000	
1000	
1000	
1000	
1000	
1000	
1000	
1000	
1000	
1000	
1000	
1000	
1000	
1000	
1000	
1000	
1000	
1000	
1000	
1000	
1000	
1000	
1000	
1000	
1000	
1000	
1000	
1000	
1000	
1000	
1000	
1000	
1000	
1000	
1000	
1000	
1000	
1000	
1000	
1000	
1000	
1000	
1000	
1000	
1000	
1000	
1000	
1000	
1000	
1000	
1000	
1000	
1000	
1000	
1000	
1000	
1000	
1000	
1000	
1000	
1000	
1000	
1000	
1000	
1000	
1000	
1000	
1000	
1000	
1000	
1000	
1000	
1000	
1000	
1000	
1000	
1000	
1000	
1000	
1000	
1000	
1000	
1000	
1000	
1000	
1000	
1000	
1000	
1000	
1000	
1000	
1000	
1000	
1000	
1000	
1000	
1000	
1000	
1000	
1000	
1000	
1000	
1000	
1000	
1000	
1000	
1000	
1000	
1000	
1000	
1000	
1000	
1000	
1000	
1000	
1000	
1000	
1000	
1000	
1000	
1000	
1000	
1000	
1000	
1000	
1000	
1000	
1000	
1000	
1000	
1000	
1000	
1000	
1000	
1000	
1000	
1000	
1000	
1000	
1000	
1000	
1000	
1000	
1000	
1000	
1000	
1000	
1000	
1000	
1000	
1000	
1000	
1000	
1000	
1000	
1000	
1000	
1000	
1000	
1000	
1000	
1000	
1000	
1000	
1000	
1000	
1000	
1000	
1000	
1000	
1000	
1000	
1000	
1000	
1000	
1000	
1000	
1000	
1000	
1000	
1000	
1000	
1000	
1000	
1000	
1000	
1000	
1000	
1000	
1000	
1000	
1000	
1000	
1000	
1000	
1000	
1000	
1000	
1000	
1000	
1000	
1000	
1000	
1000	
1000	
1000	
1000	
1000	
1000	
1000	
1000	
1000	
1000	
1000	
1000	
1000	
1000	
1000	
1000	
1000	
1000	
1000	
1000	
1000	
1000	
1000	
1000	
1000	
1000	
1000	
1000	
1000	
1000	
1000	
1000	
1000	
1000	
1000	
1000	
1000	
1000	
1000	
1000	
1000	
1000	
1000	
1000	
1000	
1000	
1000	
1000	
1000	
1000	
1000	
1000	
1000	
1000	
1000	
1000	
1000	
1000	
1000	
1000	
1000	
1000	
1000	
1000	
1000	
1000	
1000	
1000	
1000	
1000	
1000	
1000	
1000	
1000	
1000	
1000	
1000	
1000	
1000	
1000	
1000	
1000	
1000	
1000	
1000	
1000	
1000	
1000	
1000	
1000	
1000	
1000	
1000	
1000	
1000	
1000	
1000	
1000	
1000	
1000	
1000	
1000	
1000	
1000	
1000	
1000	
1000	
1000	
1000	
1000	
1000	
1000	
1000	
1000	
1000	
1000	
1000	
1000	
1000	
1000	
1000	
1000	
1000	
1000	
1000	
1000	
1000	
1000	
1000	
1000	
1000	
1000	
1000	
1000	
1000	
1000	
1000	
1000	
1000	
1000	
1000	
1000	
1000	
1000	
1000	
1000	
1000	
1000	
1000	
1000	
1000	
1000	
1000	
1000	
1000	
1000	
1000	
1000	
1000	
1000	
1000	
1000	
1000	
1000	
1000	
1000	
1000	
1000	
1000	
1000	
1000	
1000	
1000	
1000	
1000	
1000	
1000	
1000	
1000	
1000	
1000	
1000	
1000	
1000	
1000	
1000	
1000	
1000	
1000	
1000	
1000	
1000	
1000	
1000	
1000	
1000	
1000	
1000	
1000	
1000	
1000	
1000	
1000	
1000	
1000	
1000	
1000	
1000	
1000	
1000	
1000	
1000	
1000	
1000	
1000	
1000	
1000	
1000	
1000	
1000	
1000	
1000	
1000	
1000	
1000	
1000	
1000	
1000	
1000	
1000	
1000	
1000	
1000	
1000	
1000	
1000	
1000	
1000	
1000	
1000	
1000	
1000	
1000	
1000	
1000	
1000	
1000	
1000	
1000	
1000	
1000	
1000	
1000	
1000	
1000	
1000	
1000	
1000	
1000	
1000	
1000	
1000	
1000	
1000	
1000	
1000	
1000	
1000	
1000	
1000	
1000	
1000	
1000	
1000	
1000	
1000	
1000	
1000	
1000	
1000	
1000	
1000	
1000	
1000	
1000	
1000	
1000	
1000	
1000	
1000	
1000	
1000	
1000	
1000	
1000	
1000	
1000	
1000	
1000	
1000	
1000	
1000	
1000	
1000	
1000	
1000	
1000	
1000	
1000	
1000	
1000	
1000	
1000	
1000	
1000	
1000	
1000	
1000	
1000	
1000	
1000	
1000	
1000	
1000	
1000	
1000	
1000	
1000	
1000	
1000	
1000	
1000	
1000	
1000	
1000	
1000	
1000	
1000	
1000	
1000	
1000	
1000	
1000	
1000	
1000	
1000	
1000	
1000	
1000	
1000	
1000	
1000	
1000	
1000	
1000	
1000	
1000	
1000	
1000	
1000	
1000	
1000	
1000	
1000	
1000	
1000	
1000	
1000	
1000	
1000	
1000	
1000	
1000	
1000	
1000	
1000	
1000	
1000	
1000	
1000	
1000	
1000	
1000	
1000	
1000	
1000	
1000	
1000	
1000	
1000	
1000	
1000	
1000	
1000	
1000	
1000	
1000	
1000	
1000	
1000	
1000	
1000	
1000	
1000	
1000	
1000	
1000	
1000	
1000	
1000	
1000	
1000	
1000	
1000	
1000	
1000	
1000	
1000	
1000	
1000	
1000	
1000	
1000	
1000	
1000	
1000	
1000	
1000	
1000	
1000	
1000	
1000	
1000	
1000	
1000	
1000	
1000	
1000	
1000	
1000	
1000	
1000	
1000	
1000	
1000	
1000	
1000	
1000	
1000	
1000	
1000	
1000	
1000	
1000	
1000	
1000	
1000	
1000	
1000	
1000	
1000	
1000	
1000	
1000	
1000	
1000	
1000	
1000	
1000	
1000	
1000	
1000	
1000	
1000	
1000	
1000	
1000	
1000	
1000	
1000	
1000	
1000	
1000	
1000	
1000	
1000	
1000	
1000	
1000	
1000	
1000	
1000	
1000	
1000	
1000	
1000	
1000	
1000	
1000	
1000	
1000	
1000	
1000	
1000	
1000	
1000	
1000	
1000	
1000	
1000	
1000	
1000	
1000	
1000	
1000	
1000	
1000	
1000	
1000	
1000	
1000	
1000	
1000	
1000	
1000	
1000	
1000	
1000	
1000	
1000	
1000	
1000	
1000	
1000	
1000	
1000	
1000	
1000	
1000	
1000	
1000	
1000	
1000	
1000	
1000	
1000	
1000	
1000	
1000	
1000	
1000	
1000	
1000	
1000	
1000	
1000	
1000	
1000	
1000	
1000	
1000	
1000	
1000	
1000	
1000	
1000	
1000	
1000	
1000	
1000	
1000	
1000	
1000	
1000	
1000	
1000	
1000	
1000	
1000	
1000	
1000	
1000	
1000	
1000	
1000	
1000	
1000	
1000	
1000	
1000	
1000	
1000	
1000	
1000	
1000	
1000	
1000	
1000	
1000	
1000	
1000	
1000	
1000	
1000	
1000	
1000	
1000	
1000	
1000	
1000	
1000	
1000	
1000	
1000	
1000	
1000	
1000	
1000	
1000	
1000	
1000	
1000	
1000	
1000	
1000	
1000	
1000	
1000	
1000	
1000	
1000	
1000	
1000	
1000	
1000	
1000	
1000	
1000	
1000	
1000	
1000	
1000	
1000	
1000	
1000	
1000	
1000	
1000	
1000	
1000	
1000	
1000	
1000	
1000	
1000	
1000	
1000	
1000	
1000	
1000	
1000	
1000	
1000	
1000	
1000	
1000	
1000	
1000	
1000	
1000	
1000	
1000	
1000	
1000	
1000	
1000	
1000	
1000	
1000	
1000	
1000	
1000	
1000	
1000	
1000	
1000	
1000	
1000	
1000	
1000	
1000	
1000	
1000	
1000	
1000	
1000	
1000	
1000	
1000	
1000	
1000	
1000	
1000	
1000	
1000	
1000	
1000	
1000	
1000	
1000	
1000	
1000	
1000	
1000	
1000	
1000	
1000	
1000	
1000	
1000	
1000	
1000	
1000	
1000	
1000	
1000	
1000	
1000	
1000	
1000	
1000	
1000	
1000	
1000	
1000	
1000	
1000	
1000	
1000	
1000	
1000	
1000	
1000	
1000	
1000	
1000	
1000	
1000	
1000	
1000	
1000	
1000	
1000	
1000	
1000	
1000	
1000	
1000	
1000	
1000	
1000	
1000	
1000	
1000	
1000	
1000	
1000	
1000	
1000	
1000	
1000	
1000	
1000	
1000	
1000	
1000	
1000	
1000	
1000	
1000	
1000	
1000	
1000	
1000	
1000	
1000	
1000	
1000	
1000	
1000	
1000	
1000	
1000	
1000	
1000	
1000	
1000	
1000	
1000	
1000	
1000	
1000	
1000	
1000	
1000	
1000	
1000	
1000	
1000	
1000	
1000	
1000	
1000	
1000	
1000	
1000	
1000	
1000	
1000	
1000	
1000	
1000	
1000	
1000	
1000	
1000	
1000	
1000	
1000	
1000	
1000	
1000	
1000	
1000	
1000	
1000	
1000	
1000	
1000	
1000	
1000	
1000	
1000	
1000	
1000	
1000	
1000	
1000	
1000	
1000	
1000	
1000	
1000	
1000	
1000	
1000	
1000	
1000	
1000	
1000	
1000	
1000	
1000	
1000	
1000	
1000	
1000	
1000	
1000	
1000	
1000	
1000	
1000	
1000	
1000	
1000	
1000	
1000	
1000	
1000	
1000	
1000	
1000	
1000	
1000	
1000	
1000	
1000	
1000	
1000	
1000	
1000	
1000	
1000	
1000	
1000	
1000	
1000	
1000	
1000	
1000	
1000	
1000	
1000	
1000	
1000	
1000	
1000	
1000	
1000	
1000	
1000	
1000	
1000	
1000	
1000	
1000	
1000	
1000	
1000	
1000	
1000	
1000	
1000	
1000	
1000	
1000	
1000	
1000	
1000	
1000	
1000	
1000	
1000	
1000	
1000	
1000	
1000	
1000	
1000	
1000	
1000	
1000	
1000	
1000	
1000	
1000	
1000	
1000	
1000	
1000	
1000	
1000	
1000	
1000	
1000	
1000	
1000	
1000	
1000	
1000	
1000	
1000	
1000	
1000	
1000	
1000	
1000	
1000	
1000	
1000	
1000	
1000	
1000	
1000	
1000	
1000	
1000	
1000	
1000	
1000	
1000	
1000	
1000	
1000	
1000	
1000	
1000	
1000	
1000	
1000	
1000	
1000	
1000	
1000	
1000	
1000	
1000	
1000	
1000	
1000	
1000	
1000	
1000	
1000	
1000	
1000	
1000	
1000	
1000	
1000	
1000	
1000	
1000	
1000	
1000	
1000	
1000	
1000	
1000	
1000	
1000	
1000	
1000	
1000	
1000	
1000	
1000	
1000	
1000	
1000	
1000	
1000	
1000	
1000	
1000	
1000	
1000	
1000	
1000	
1000	
1000	
1000	
1000	
1000	
1000	
1000	
1000	
1000	
1000	
1000	
1000	
1000	
1000	
1000	
1000	
1000	
1000	
1000	
1000	
1000	
1000	
1000	
1000	
1000	
1000	
1000	
1000	
1000	
1000	
1000	
1000	
1000	
1000	
1000	
1000	
1000	
1000	
1000	
1000	
1000	
1000	
1000	
1000	
1000	
1000	
1000	
1000	
1000	
1000	
1000	
1000	
1000	
1000	
1000	
1000	
1000	
1000	
1000	
1000	
1000	
1000	
1000	
1000	
1000	
1000	
1000	
1000	
1000	
1000	
1000	
1000	
1000	
1000	
1000	
1000	
1000	
1000	
1000	
1000	
1000	
1000	
1000	
1000	
1000	
1000	
1000	
1000	
1000	
1000	
1000	
1000	
1000	
1000	
1000	
1000	
1000	
1000	
1000	
1000	
1000	
1000	
1000	
1000	
1000	
1000	
1000	
1000	
1000	
1000	
1000	
1000	
1000	
1000	
1000	
1000	
1000	
1000	
1000	
1000	
1000	
1000	
1000	
1000	
1000	
1000	
1000	
1000	
1000	
1000	
1000	
1000	
1000	
1000	
1000	
1000	
1000	
1000	
1000	
1000	
1000	
1000	
1000	
1000	
1000	
1000	
1000	
1000	
1000	
1000	
1000	
1000	
1000	
1000	
1000	
1000	
1000	
1000	
1000	
1000	
1000	
1000	
1000	
1000	
1000	
1000	
1000	
1000	
1000	
1000	
1000	
1000	
1000	
1000	
1000	
1000	
1000	
1000	
1000	
1000	
1000	
1000	
1000	
1000	
1000	
1000	
1000	
1000	
1000	
1000	
1000	
1000	
1000	
1000	
1000	
1000	
1000	
1000	
1000	
1000	
1000	
1000	
1000	
1000	
1000	
1000	
1000	
1000	
1000	
1000	
1000	
1000	
1000	
1000	
1000	
1000	
1000	
1000	
1000	
1000	
1000	
1000	
1000	
1000	
1000	
1000	
1000	
1000	
1000	
1000	
1000	
1000	
1000	
1000	
1000	
1000	
1000	
1000	
1000	
1000	
1000	
1000	
1000	
1000	
1000	
1000	
1000	
1000	
1000	
1000	
1000	
1000	
1000	
1000	
1000	
1000	
1000	
1000	
1000	
1000	
1000	
1000	
1000	
1000	
1000	
1000	
1000	
1000	
1000	
1000	
1000	
1000	
1000	
1000	
1000	
1000	
1000	
1000	
1000	
1000	
1000	
1000	
1000	
1000	
1000	
1000	
1000	
1000	
1000	
1000	
1000	
1000	
1000	
1000	
1000	
1000	
1000	
1000	
1000	
1000	
1000	
1000	
1000	
1000	
1000	
1000	
1000	
1000	
1000	
1000	
1000	
1000	
1000	
1000	
1000	
1000	
1000	
1000	
1000	
1000	
1000	
1000	
1000	
1000	
1000	
1000	
1000	
1000	
1000	
1000	
1000	
1000	
1000	
1000	
1000	
1000	
1000	
1000	
1000	
1000	
1000	
1000	
1000	
1000	
1000	
1000	
1000	
1000	
1000	
1000	
1000	
1000	
1000	
1000	
1000	
1000	
1000	
1000	
1000	
1000	
1000	
1000	
1000	
1000	
1000	
1000	
1000	
1000	
1000	
1000	
1000	
1000	
1000	
1000	
1000	
1000	
1000	
1000	
1000	
1000	
1000	
1000	
1000	
1000	
1000	
1000	
1000	
1000	
1000	
1000	
1000	
1000	
1000	
1000	
1000	
1000	
1000	
1000	
1000	
1000	
1000	
1000	
1000	
1000	
1000	
1000	
1000	
1000	
1000	
1000	
1000	
1000	
1000	
1000	
1000	
1000	
1000	
1000	
1000	
1000	
1000	
1000	
1000	
1000	
1000	
1000	
1000	
1000	
1000	
1000	
1000	
1000	
1000	
1000	
1000	
1000	
1000	
1000	
1000	
1000	
1000	
1000	
1000	
1000	
1000	
1000	
1000	
1000	
1000	
1000	
1000	
1000	
1000	
1000	
1000	
1000	
1000	
1000	
1000	
1000	
1000	
1000	
1000	
1000	
1000	
1000	
1000	
1000	
1000	
1000	
1000	
1000	
1000	
1000	
1000	
1000	
1000	
1000	
1000	
1000	
1000	
1000	
1000	
1000	
1000	
1000	
1000	
1000	
1000	
1000	
1000	
1000	
1000	
1000	
1000	
1000	
1000	
1000	
1000	
1000	
1000	
1000	
1000	
1000	
1000	
1000	
1000	
1000	
1000	
1000	
1000	
1000	
1000	
1000	
1000	
1000	
1000	
1000	
1000	
1000	
1000	
1000	
1000	
1000	
1000	
1000	
1000	
1000	
1000	
1000	
1000	
1000	
1000	
1000	
1000	
1000	
1000	
1000	
1000	
1000	
1000	
1000	
1000	
1000	
1000	
1000	
1000	
1000	
1000	
1000	
1000	
1000	
1000	
1000	
1000	
1000	
1000	
1000	
1000	
1000	
1000	
1000	
1000	
1000	
1000	
1000	
1000	
1000	
1000	
1000	
1000	
1000	
1000	
1000	
1000	
1000	
1000	
1000	
1000	
1000	
1000	
1000	
1000	
1000	
1000	
1000	
1000	
1000	
1000	
1000	
1000	
1000	
1000	
1000	
1000	
1000	
1000	
1000	
1000	
1000	
1000	
1000	
1000	
1000	
1000	
1000	
1000	
1000	
1000	
1000	
1000	
1000	
1000	
1000	
1000	
1000	
1000	
1000	
1000	
1000	
1000	
1000	
1000	
1000	
1000	
1000	
1000	
1000	
1000	
1000	
1000	
1000	
1000	
1000	
1000	
1000	
1000	
1000	
1000	
1000	
1000	
1000	
1000	
1000	
1000	
1000	
1000	
1000	
1000	
1000	
1000	
1000	
1000	
1000	
1000	
1000	
1000	
1000	
1000	
1000	
1000	
1000	
1000	
1000	
1000	
1000	
1000	
1000	
1000	
1000	
1000	
1000	
1000	
1000	
1000	
1000	
1000	
1000	
1000	
1000	
1000	
1000	
1000	
1000	
1000	
1000	
1000	
1000	
1000	
1000	
1000	
1000	
1000	
1000	
1000	
1000	
1000	
1000	
1000	
1000	
1000	
1000	
1000	
1000	
1000	
1000	
1000	
1000	
1000	
1000	
1000	
1000	
1000	
1000	
1000	
1000	
1000	
1000	
1000	
1000	
1000	
1000	
1000	
1000	
1000	
1000	
1000	
1000	
1000	
1000	
1000	
1000	
1000	
1000	
1000	
1000	
1000	
1000	
1000	
1000	
1000	
1000	
1000	
1000	
1000	
1000	
1000	
1000	
1000	
1000	
1000	
1000	
1000	
1000	
1000	
1000	
1000	
1000	
1000	
1000	
1000	
1000	
1000	
1000	
1000	
1000	
1000	
1000	
1000	
1000	
1000	
1000	
1000	
1000	
1000	
1000	
1000	
1000	
1000	
1000	
1000	
1000	
1000	
1000	
1000	
1000	
1000	
1000	
1000	
1000	
1000	
1000	
1000	
1000	
1000	
1000	
1000	
1000	
1000	
1000	
1000	
1000	
1000	
1000	
1000	
1000	
1000	
1000	
1000	
1000	
1000	
1000	
1000	
1000	
1000	
1000	
1000	
1000	
1000	
1000	
1000	
1000	
1000	
1000	
1000	
1000	
1000	
1000	
1000	
1000	
1000	
1000	
1000	
1000	
1000	
1000	
1000	
1000	
1000	
1000	
1000	
1000	
1000	
1000	
1000	
1000	
1000	
1000	
1000	
1000	
1000	
1000	
1000	
1000	
1000	
1000	
1000	
1000	
1000	
1000	
1000	
1000	
1000	
1000	
1000	
1000	
1000	
1000	
1000	
1000	
1000	
1000	
1000	
1000	
1000	
1000	
1000	
1000	
1000	
1000	
1000	
1000	
1000	
1000	
1000	
1000	
1000	
1000	
1000	
1000	
1000	
1000	
1000	
1000	
1000	
1000	
1000	
1000	
1000	
1000	
1000	
1000	
1000	
1000	
1000	
1000	
1000	
1000	
1000	
1000	
1000	
1000	
1000	
1000	
1000	
1000	
1000	
1000	
1000	
1000	
1000	
1000	
1000	
1000	
1000	
1000	
1000	
1000	
1000	
1000	
1000	
1000	
1000	
1000	
1000	
1000	
1000	
1000	
1000	
1000	
1000	
1000	
1000	
1000	
1000	
1000	
1000	
1000	
1000	
1000	
1000	
1000	
1000	
1000	
1000	
1000	
1000	
1000	
1000	
1000	
1000	
1000	
1000	
1000	
1000	
1000	
1000	
1000	
1000	
1000	
1000	
1000	
1000	
1000	
1000	
1000	
1000	
1000	
1000	
1000	
1000	
1000	
1000	
1000	
1000	
1000	
1000	
1000	
1000	
1000	
1000	
1000	
1000	
1000	
1000	
1000	
1000	
1000	
1000	
1000	
1000	
1000	
1000	
1000	
1000	
1000	
1000	
1000	
1000	
1000	
1000	
1000	
1000	
1000	
1000	
1000	
1000	
1000	
1000	
1000	
1000	
1000	
1000	
1000	
1000	
1000	
1000	
1000	
1000	
1000	
1000	
1000	
1000	
1000	
1000	
1000	
1000	
1000	
1000	
1000	
1000	
1000	
1000	
1000	
1000	
1000	
1000	
1000	
1000	
1000	
1000	
1000	
1000	
1000	
1000	
1000	
1000	
1000	
1000	
1000	
1000	
1000	
1000	
1000	
1000	
1000	
1000	
1000	
1000	
1000	
1000	
1000	
1000	
1000	
1000	
1000	
1000	
1000	
1000	
1000	
1000	
1000	
1000	
1000	
1000	
1000	
1000	
1000	
1000	
1000	
1000	
1000	
1000	
1000	
1000	
1000	
1000	
1000	
1000	
1000	
1000	
1000	
1000	
1000	
1000	
1000	
1000	
1000	
1000	
1000	
1000	
1000	
1000	
1000	
1000	
1000	
1000	
1000	
1000	
1000	
1000	
1000	
1000	
1000	
1000	
1000	
1000	
1000	
1000	
1000	
1000	
1000	
1000	
1000	
1000	
1000	
1000	
1000	
1000	
1000	
1000	
1000	
1000	
1000	
1000	
1000	
1000	
1000	
1000	
1000	
1000	
1000	
1000	
1000	
1000	
1000	
1000	
1000	
1000	
1000	
1000	
1000	
1000	
1000	
1000	
1000	
1000	
1000	
1000	
1000	
1000	
1000	
1000	
1000	
1000	
1000	
1000	
1000	
1000	
1000	
1000	
1000	
1000	
1000	
1000	
1000	
1000	
1000	
1000	
1000	
1000	
1000	
1000	
1000	
1000	
1000	
1000	
1000	
1000	
1000	
1000	
1000	
1000	
1000	
1000	
1000	
1000	
1000	
1000	
1000	
1000	
1000	
1000	
1000	
1000	
1000	
1000	
1000	
1000	
1000	
1000	
1000	
1000	
1000	
1000	
1000	
1000	
1000	
1000	
1000	
1000	
1000	
1000	
1000	
1000	
1000	
1000	
1000	
1000	
1000	
1000	
1000	
1000	
1000	
1000	
1000	
1000	
1000	
1000	
1000	
1000	
1000	
1000	
1000	
1000	
1000	
1000	
1000	
1000	
1000	
1000	
1000	
1000	
1000	
1000	
1000	
1000	
1000	
1000	
1000	
1000	
1000	
1000	
1000	
1000	
1000	
1000	
1000	
1000	
1000	
1000	
1000	
1000	
1000	
1000	
1000	
1000	
1000	
1000	
1000	
1000	
1000	
1000	
1000	
1000	
1000	
1000	
1000	
1000	
1000	
1000	
1000	
1000	
1000	
1000	
1000	
1000	
1000	
1000	
1000	
1000	
1000	
1000	
1000	
1000	
1000	
1000	
1000	
1000	
1000	
1000	
1000	
1000	
1000	
1000	
1000	
1000	
1000	
1000	
1000	
1000	
1000	
1000	
1000	
1000	
1000	
1000	
1000	
1000	
1000	
1000	
1000	
1000	
1000	
1000	
1000	
1000	
1000	
1000	
1000	
1000	
1000	
1000	
1000	
1000	
1000	
1000	
1000	
1000	
1000	
1000	
1000	
1000	
1000	
1000	
1000	
1000	
1000	
1000	
1000	
1000	
1000	
1000	
1000	
1000	
1000	
1000	
1000	
1000	
1000	
1000	
1000	
1000	
1000	
1000	
1000	
1000	
1000	
1000	
1000	
1000	
1000	
1000	
1000	
1000	
1000	
1000	
1000	
1000	
1000	
1000	
1000	
1000	
1000	
1000	
1000	
1000	
1000	
1000	
1000	
1000	
1000	
1000	
1000	
1000	
1000	
1000	
1000	
1000	
1000	
1000	
1000	
1000	
1000	
1000	
1000	
1000	
1000	
1000	
1000	
1000	
1000	
1000	
1000	
1000	
1000	
1000	
1000	
1000	
1000	
1000	
1000	
1000	
1000	
1000	
1000	
1000	
1000	
1000	
1000	
1000	
1000	
1000	
1000	
1000	
1000	
1000	
1000	
1000	
1000	
1000	
1000	
1000	
1000	
1000	
1000	
1000	
1000	
1000	
1000	
1000	
1000	
1000	
1000	
1000	
1000	
1000	
1000	
1000	
1000	
1000	
1000	
1000	
1000	
1000	
1000	
1000	
1000	
1000	
1000	
1000	
1000	
1000	
1000	
1000	
1000	
1000	
1000	
1000	
1000	
1000	
1000	
1000	
1000	
1000	
1000	
1000	
1000	
1000	
1000	
1000	
1000	
1000	
1000	
1000	
1000	
1000	
1000	
1000	
1000	
1000	
1000	
1000	
1000	
1000	
1000	
1000	
1000	
1000	
1000	
1000	
1000	
1000	
1000	
1000	
1000	
1000	
1000	
1000	
1000	
1000	
1000	
1000	
1000	
1000	
1000	
1000	
1000	
1000	
1000	
1000	
1000	
1000	
1000	
1000	
1000	
1000	
1000	
1000	
1000	
1000	
1000	
1000	
1000	
1000	
1000	
1000	
1000	
1000	
1000	
1000	
1000	
1000	
1000	
1000	
1000	
1000	
1000	
1000	
1000	
1000	
1000	
1000	
1000	
1000	
1000	
1000	
1000	
1000	
1000	
1000	
1000	
1000	
1000	
1000	
1000	
1000	
1000	
1000	
1000	
1000	
1000	
1000	
1000	
1000	
1000	
1000	
1000	
1000	
1000	
1000	
1000	
1000	
1000	
1000	
1000	
1000	
1000	
1000	
1000	
1000	
1000	
1000	
1000	
1000	
1000	
1000	
1000	
1000	
1000	
1000	
1000	
1000	
1000	
1000	
1000	
1000	
1000	
1000	
1000	
1000	
1000	
1000	
1000	
1000	
1000	
1000	
1000	
1000	
1000	
1000	
1000	
1000	
1000	
1000	
1000	
1000	
1000	
1000	
1000	
1000	
1000	
1000	
1000	
1000	
1000	
1000	
1000	
1000	
1000	
1000	
1000	
1000	
1000	
1000	
1000	
1000	
1000	
1000	
1000	
1000	
1000	
1000	
1000	
1000	
1000	
1000	
1000	
1000	
1000	
1000	
1000	
1000	
1000	
1000	
1000	
1000	
1000	
1000	
1000	
1000	
1000	
1000	
1000	
1000	
1000	
1000	
1000	
1000	
1000	
1000	
1000	
1000	
1000	
1000	
1000	
1000	
1000	
1000	
1000	
1000	
1000	
1000	
1000	
1000	
1000	
1000	
1000	
1000	
1000	
1000	
1000	
1000	
1000	
1000	
1000	
1000	
1000	
1000	
1000	
1000	
1000	
1000	
1000	
1000	
1000	
1000	
1000	
1000	
1000	
1000	
1000	
1000	
1000	
1000	
1000	
1000	
1000	
1000	
1000	
1000	
1000	
1000	
1000	
1000	
1000	
1000	
1000	
1000	
1000	
1000	
1000	
1000	
1000	
1000	
1000	
1000	
1000	
1000	
1000	
1000	
1000	
1000	
1000	
1000	
1000	
1000	
1000	
1000	
1000	
1000	
1000	
1000	
1000	
1000	
1000	
1000	
1000	
1000	
1000	
1000	
1000	
1000	
1000	
1000	
1000	
1000	
1000	
1000	
1000	
1000	
1000	
1000	
1000	
1000	
1000	
1000	
1000	
1000	
1000	
1000	
1000	
1000	
1000	
1000	
1000	
1000	
1000	
1000	
1000	
1000	
1000	
1000	
1000	
1000	
1000	
1000	
1000	
1000	
1000	
1000	
1000	
1000	
1000	
1000	
1000	
1000	
1000	
1000	
1000	
1000	
1000	
1000	
1000	
1000	
1000	
1000	
1000	
1000	
1000	
1000	
1000	
1000	
1000	
1000	
1000	
1000	
1000	
1000	
1000	
1000	
1000	
1000	
1000	
1000	
1000	
1000	
1000	
1000	
1000	
1000	
1000	
1000	
1000	
1000	
1000	
1000	
1000	
1000	
1000	
1000	
1000	
1000	
1000	
1000	
1000	
1000	
1000	
1000	
1000	
1000	
1000	
1000	
1000	
1000	
1000	
1000	
1000	
1000	
1000	
1000	
1000	
1000	
1000	
1000	
1000	
1000	
1000	
1000	
1000	
1000	
1000	
1000	
1000	
1000	
1000	
1000	
1000	
1000	
1000	
1000	
1000	
1000	
1000	
1000	
1000	
1000	
1000	
1000	
1000	
1000	
1000	
1000	
1000	
1000	
1000	
1000	
1000	
1000	
1000	
1000	
1000	
1000	
1000	
1000	
1000	
1000	
1000	
1000	
1000	
1000	
1000	
1000	
1000	
1000	
1000	
1000	
1000	
1000	
1000	
1000	
1000	
1000	
1000	
1000	
1000	
1000	
1000	
1000	
1000	
1000	
1000	
1000	
1000	
1000	
1000	
1000	
1000	
1000	
1000	
1000	
1000	
1000	
1000	
1000	
1000	
1000	
1000	
1000	
1000	
1000	
1000	
1000	
1000	
1000	
1000	
1000	
1000	
1000	
1000	
1000	
1000	
1000	
1000	
1000	
1000	
1000	
1000	
1000	
1000	
1000	
1000	
1000	
1000	
1000	
1000	
1000	
1000	
1000	
1000	
1000	
1000	
1000	
1000	
1000	
1000	
1000	
1000	
1000	
1000	
1000	
1000	
1000	
1000	
1000	
1000	
1000	
1000	
1000	
1000	
1000	
1000	
1000	
1000	
1000	
1000	
1000	
1000	
1000	
1000	
1000	
1000	
1000	
1000	
1000	
1000	
1000	
1000	
1000	
1000	
1000	
1000	
1000	
1000	
1000	
1000	
1000	
1000	
1000	
1000	
1000	
1000	
1000	
1000	
1000	
1000	
1000	
1000	
1000	
1000	
1000	
1000	
1000	
1000	
1000	
1000	
1000	
1000	
1000	
1000	
1000	
1000	
1000	
1000	
1000	
1000	
1000	
1000	
1000	
1000	
1000	
1000	
1000	
1000	
1000	
1000	
1000	
1000	
1000	
1000	
1000	
1000	
1000	
1000	
1000	
1000	
1000	
1000	
1000	
1000	
1000	
1000	
1000	
1000	
1000	
1000	
1000	
1000	
1000	
1000	
1000	
1000	
1000	
1000	
1000	
1000	
1000	
1000	
1000	
1000	
1000	
1000	
1000	
1000	
1000	
1000	
1000	
1000	
1000	
1000	
1000	
1000	
1000	
1000	
1000	
1000	
1000	
1000	
1000	
1000	
1000	
1000	
1000	
1000	
1000	
1000	
1000	
1000	
1000	
1000	
1000	
1000	
1000	
1000	
1000	
1000	
1000	
1000	
1000	
1000	
1000	
1000	
1000	
1000	
1000	
1000	
1000	
1000	
1000	
1000	
1000	
1000	
1000	
1000	
1000	
1000	
1000	
1000	
1000	
1000	
1000	
1000	
1000	
1000	
1000	
1000	
1000	
1000	
1000	
1000	
1000	
1000	
1000	
1000	
1000	
1000	
1000	
1000	
1000	
1000	
1000	
1000	
1000	
1000	
1000	
1000	
1000	
1000	
1000	
1000	
1000	
1000	
1000	
1000	
1000	
1000	
1000	
1000	
1000	
1000	
1000	
1000	
1000	
1000	
1000	
1000	
1000	
1000	
1000	
1000	
1000	
1000	
1000	
1000	
1000	
1000	
1000	
1000	
1000	
1000	
1000	
1000	
1000	
1000	
1000	
1000	
1000	
1000	
1000	
1000	
1000	
1000	
1000	
1000	
1000	
1000	
1000	
1000	
1000	
1000	
1000	
1000	
1000	
1000	
1000	
1000	
1000	
1000	
1000	
1000	
1000	
1000	
1000	
1000	
1000	
1000	
1000	
1000	
1000	
1000	
1000	
1000	
1000	
1000	
1000	
1000	
1000	
1000	
1000	
1000	
1000	
1000	
1000	
1000	
1000	
1000	
1000	
1000	
1000	
1000	
1000	
1000	
1000	
1000	
1000	
1000	
1000	
1000	
1000	
1000	
1000	
1000	
1000	
1000	
1000	
1000	
1000	
1000	
1000	
1000	
1000	
1000	
1000	
1000	
1000	
1000	
1000	
1000	
1000	
1000	
1000	
1000	
1000	
1000	
1000	
1000	
1000	
1000	
1000	
1000	
1000	
1000	
1000	
1000	
1000	
1000	
1000	
1000	
1000	
1000	
1000	
1000	
1000	
1000	
1000	
1000	
1000	
1000	
1000	
1000	
1000	
1000	
1000	
1000	
1000	
1000	
1000	
1000	
1000	
1000	
1000	
1000	
1000	
1000	
1000	
1000	
1000	
1000	
1000	
1000	
1000	
1000	
1000	
1000	
1000	
1000	
1000	
1000	
1000	
1000	
1000	
1000	
1000	
1000	
1000	
1000	
1000	
1000	
1000	
1000	
1000	
1000	
1000	
1000	
1000	
1000	
1000	
1000	
1000	
1000	
1000	
1000	
1000	
1000	
1000	
1000	
1000	
1000	
1000	
1000	
1000	
1000	
1000	
1000	
1000	
1000	
1000	
1000	
1000	
1000	
1000	
1000	
1000	
1000	
1000	
1000	
1000	
1000	
1000	
1000	
1000	
1000	
1000	
1000	
1000	
1000	
1000	
1000	
1000	
1000	
1000	
1000	
1000	
1000	
1000	
1000	
1000	
1000	
1000	
1000	
1000	
1000	
1000	
1000	
1000	
1000	
1000	
1000	
1000	
1000	
1000	
1000	
1000	
1000	
1000	
1000	
1000	
1000	
1000	
1000	
1000	
1000	
1000	
1000	
1000	
1000	
1000	
1000	
1000	
1000	
1000	
1000	
1000	
1000	
1000	
1000	
1000	
1000	
1000	
1000	
1000	
1000	
1000	
1000	
1000	
1000	
1000	
1000	
1000	
1000	
1000	
1000	
1000	
1000	
1000	
1000	
1000	
1000	
1000	
1000	
1000	
1000	
1000	
1000	
1000	
1000	
1000	
1000	
1000	
1000	
1000	
1000	
1000	
1000	
1000	
1000	
1000	
1000	
1000	
1000	
1000	
1000	
1000	
1000	
1000	
1000	
1000	
1000	
1000	
1000	
1000	
1000	
1000	
1000	
1000	
1000	
1000	
1000	
1000	
1000	
1000	
1000	
1000	
1000	
1000	
1000	
1000	
1000	
1000	
1000	
1000	
1000	
1000	
1000	
1000	
1000	
1000	
1000	
1000	
1000	
1000	
1000	
1000	
1000	
1000	
1000	
1000	
1000	
1000	
1000	
1000	
1000	
1000	
1000	
1000	
1000	
1000	
1000	
1000	
1000	
1000	
1000	
1000	
1000	
1000	
1000	
1000	
1000	
1000	
1000	
1000	
1000	
1000	
1000	
1000	
1000	
1000	
1000	
1000	
1000	
1000	
1000	
1000	
1000	
1000	
1000	
1000	
1000	
1000	
1000	
1000	
1000	
1000	
1000	
1000	
1000	
1000	
1000	
1000	
1000	
1000	
1000	
1000	
1000	
1000	
1000	
1000	
1000	
1000	
1000	
1000	
1000	
1000	
1000	
1000	
1000	
1000	
1000	
1000	
1000	
1000	
1000	
1000	
1000	
1000	
1000	
1000	
1000	
1000	
1000	
1000	
1000	
1000	
1000	
1000	
1000	
1000	
1000	
1000	
1000	
1000	
1000	
1000	
1000	
1000	
1000	
1000	
1000	
1000	
1000	
1000	
1000	
1000	
1000	
1000	
1000	
1000	
1000	
1000	
1000	
1000	
1000	
1000	
1000	
1000	
1000	
1000	
1000	
1000	
1000	
1000	
1000	
1000	
1000	
1000	
1000	
1000	
1000	
1000	
1000	
1000	
1000	
1000	
1000	
1000	
1000	
1000	
1000	
1000	
1000	
1000	
1000	
1000	
1000	
1000	
1000	
1000	
1000	
1000	
1000	
1000	
1000	
1000	
1000	
1000	
1000	
1000	
1000	
1000	
1000	
1000	
1000	
1000	
1000	
1000	
1000	
1000	
1000	
1000	
1000	
1000	
1000	
1000	
1000	
1000	
1000	
1000	
1000	
1000	
1000	
1000	
1000	
1000	
1000	
1000	
1000	
1000	
1000	
1000	
1000	
1000	
1000	
1000	
1000	
1000	
1000	
1000	
1000	
1000	
1000	
1000	
1000	
1000	
1000	
1000	
1000	
1000	
1000	
1000	
1000	
1000	
1000	
1000	
1000	
1000	
1000	
1000	
1000	
1000	
1000	
1000	
1000	
1000	
1000	
1000	
1000	
1000	
1000	
1000	
1000	
1000	
1000	
1000	
1000	
1000	
1000	
1000	
1000	
1000	
1000	
1000	
1000	
1000	
1000	
1000	
1000	
1000	
1000	
1000	
1000	
1000	
1000	
1000	
1000	
1000	
1000	
1000	
1000	
1000	
1000	
1000	
1000	
1000	
1000	
1000	
1000	
1000	
1000	
1000	
1000	
1000	
1000	
1000	
1000	
1000	
1000	
1000	
1000	
1000	
1000	
1000	
1000	
1000	
1000	
1000	
1000	
1000	
1000	
1000	
1000	
1000	
1000	
1000	
1000	
1000	
1000	
1000	
1000	
1000	
1000	
1000	
1000	
1000	
1000	
1000	
1000	
1000	
1000	
1000	
1000	
1000	
1000	
1000	
1000	
1000	
1000	
1000	
1000	
1000	
1000	
1000	
1000	
1000	
1000	
1000	
1000	
1000	
1000	
1000	
1000	
1000	
1000	
1000	
1000	
1000	
1000	
1000	
1000	
1000	
1000	
1000	
1000	
1000	
1000	
1000	
1000	
1000	
1000	
1000	
1000	
1000	
1000	
1000	
1000	
1000	
1000	
1000	
1000	
1000	
1000	
1000	
1000	
1000	
1000	
1000	
1000	
1000	
1000	
1000	
1000	
1000	
1000	
1000	
1000	
1000	
1000	
1000	
1000	
1000	
1000	
1000	
1000	
1000	
1000	
1000	
1000	
1000	
1000	
1000	
1000	
1000	
1000	
1000	
1000	
1000	
1000	
1000	
1000	
1000	
1000	
1000	
1000	
1000	
1000	
1000	
1000	
1000	
1000	
1000	
1000	
1000	
1000	
1000	
1000	
1000	
1000	
1000	
1000	
1000	
1000	
1000	
1000	
1000	
1000	
1000	
1000	
1000	
1000	
1000	
1000	
1000	
1000	
1000	
1000	
1000	
1000	
1000	
1000	
1000	
1000	
1000	
1000	
1000	
1000	
1000	
1000	
1000	
1000	
1000	
1000	
1000	
1000	
1000	
1000	
1000	
1000	
1000	
1000	
1000	
1000	
1000	
1000	
1000	
1000	
1000	
1000	
1000	
1000	
1000	
1000	
1000	
1000	
1000	
1000	
1000	
1000	
1000	
1000	
1000	
1000	
1000	
1000	
1000	
1000	
1000	
1000	
1000	
1000	
1000	
1000	
1000	
1000	
1000	
1000	
1000	
1000	
1000	
1000	
1000	
1000	
1000	
1000	
1000	
1000	
1000	
1000	
1000	
1000	
1000	
1000	
1000	
1000	
1000	
1000	
1000	
1000	
1000	
1000	
1000	
1000	
1000	
1000	
1000	
1000	
1000	
1000	
1000	
1000	
1000	
1000	
1000	
1000	
1000	
1000	
1000	
1000	
1000	
1000	
1000	
1000	
1000	
1000	
1000	
1000	
1000	
1000	
1000	
1000	
1000	
1000	
1000	
1000	
1000	
1000	
1000	
1000	
1000	
1000	
1000	
1000	
1000	
1000	
1000	
1000	
1000	
1000	
1000	
1000	
1000	
1000	
1000	
1000	
1000	
1000	
1000	
1000	
1000	
1000	
1000	
1000	
1000	
1000	
1000	
1000	
1000	
1000	
1000	
1000	
1000	
1000	
1000	
1000	
1000	
1000	
1000	
1000	
1000	
1000	
1000	
1000	
1000	
1000	
1000	
1000	
1000	
1000	
1000	
1000	
1000	
1000	
1000	
1000	
1000	
1000	
1000	
1000	
1000	
1000	
1000	
1000	
1000	
1000	
1000	
1000	
1000	
1000	
1000	
1000	
1000	
1000	
1000	
1000	
1000	
1000	
1000	
1000	
1000	
1000	
1000	
1000	
1000	
1000	
1000	
1000	
1000	
1000	
1000	
1000	
1000	
1000	
1000	
1000	
1000	
1000	
1000	
1000	
1000	
1000	
1000	
1000	
1000	
1000	
1000	
1000	
1000	
1000	
1000	
1000	
1000	
1000	
1000	
1000	
1000	
1000	
1000	
1000	
1000	
1000	
1000	
1000	
1000	
1000	
1000	
1000	
1000	
1000	
1000	
1000	
1000	
1000	
1000	
1000	
1000	
1000	
1000	
1000	
1000	
1000	
1000	
1000	
1000	
1000	
1000	
1000	
1000	
1000	
1000	
1000	
1000	
1000	
1000	
1000	
1000	
1000	
1000	
1000	
1000	
1000	
1000	
1000	
1000	
1000	
1000	
1000	
1000	
1000	
1000	
1000	
1000	
1000	
1000	
1000	
1000	
1000	
1000	
1000	
1000	
1000	
1000	
1000	
1000	
1000	
1000	
1000	
1000	
1000	
1000	
1000	
1000	
1000	
1000	
1000	
1000	
1000	
1000	
1000	
1000	
1000	
1000	
1000	
1000	
1000	
1000	
1000	
1000	
1000	
1000	
1000	
1000	
1000	
1000	
1000	
1000	
1000	
1000	
1000	
1000	
1000	
1000	
1000	
1000	
1000	
1000	
1000	
1000	
1000	
1000	
1000	
1000	
1000	
1000	
1000	
1000	
1000	
1000	
1000	
1000	
1000	
1000	
1000	
1000	
1000	
1000	
1000	
1000	
1000	
1000	
1000	
1000	
1000	
1000	
1000	
1000	
1000	
1000	
1000	
1000	
1000	
1000	
1000	
1000	
1000	
1000	
1000	
1000	
1000	
1000	
1000	
1000	
1000	
1000	
1000	
1000	
1000	
1000	
1000	
1000	
1000	
1000	
1000	
1000	
1000	
1000	
1000	
1000	
1000	
1000	
1000	
1000	
1000	
1000	
1000	
1000	
1000	
1000	
1000	
1000	
1000	
1000	
1000	
1000	
1000	
1000	
1000	
1000	
1000	
1000	
1000	
1000	
1000	
1000	
1000	
1000	
1000	
1000	
1000	
1000	
1000	
1000	
1000	
1000	
1000	
1000	
1000	
1000	
1000	
1000	
1000	
1000	
1000	
1000	
1000	
1000	
1000	
1000	
1000	
1000	
1000	
1000	
1000	
1000	
1000	
1000	
1000	
1000	
1000	
1000	
1000	
1000	
1000	
1000	
1000	
1000	
1000	
1000	
1000	
1000	
1000	
1000	
1000	
1000	
1000	
1000	
1000	
1000	
1000	
1000	
1000	
1000	
1000	
1000	
1000	
1000	
1000	
1000	
1000	
1000	
1000	
1000	
1000	
1000	
1000	
1000	
1000	
1000	
1000	
1000	
1000	
1000	
1000	
1000	
1000	
1000	
1000	
1000	
1000	
1000	
1000	
1000	
1000	
1000	
1000	
1000	
1000	
1000	
1000	
1000	
1000	
1000	
1000	
1000	
1000	
1000	
1000	
1000	
1000	
1000	
1000	
1000	
1000	
1000	
1000	
1000	
1000	
1000	
1000	
1000	
1000	
1000	
1000	
1000	
1000	
1000	
1000	
1000	
1000	
1000	
1000	
1000	
1000	
1000	
1000	
1000	
1000	
1000	
1000	
1000	
1000	
1000	
1000	
1000	
1000	
1000	
1000	
1000	
1000	
1000	
1000	
1000	
1000	
1000	
1000	
1000	
1000	
1000	
1000	
1000	
1000	
1000	
1000	
1000	
1000	
1000	
1000	
1000	
1000	
1000	
1000	
1000	
1000	
1000	
1000	
1000	
1000	
1000	
1000	
1000	
1000	
1000	
1000	
1000	
1000	
1000	
1000	
1000	
1000	
1000	
1000	
1000	
1000	
1000	
1000	
1000	
1000	
1000	
1000	
1000	
1000	
1000	
1000	
1000	
1000	
1000	
1000	
1000	
1000	
1000	
1000	
1000	
1000	
1000	
1000	
1000	
1000	
1000	
1000	
1000	
1000	
1000	
1000	
1000	
1000	
1000	
1000	
1000	
1000	
1000	
1000	
1000	
1000	
1000	
1000	
1000	
1000	
1000	
1000	
1000	
1000	
1000	
1000	
1000	
1000	
1000	
1000	
1000	
1000	
1000	
1000	
1000	
1000	
1000	
1000	
1000	
1000	
1000	
1000	
1000	
1000	
1000	
1000	
1000	
1000	
1000	
1000	
1000	
1000	
1000	
1000	
1000	
1000	
1000	
1000	
1000	
1000	
1000	
1000	
1000	
1000	
1000	
1000	
1000	
1000	
1000	
1000	
1000	
1000	
1000	
1000	
1000	
1000	
1000	
1000	
1000	
1000	
1000	
1000	
1000	
1000	
1000	
1000	
1000	
1000	
1000	
1000	
1000	
1000	
1000	
1000	
1000	
1000	
1000	
1000	
1000	
1000	
1000	
1000	
1000	
1000	
1000	
1000	
1000	
1000	
1000	
1000	
1000	
1000	
1000	
1000	
1000	
1000	
1000	
1000	
1000	
1000	
1000	
1000	
1000	
1000	
1000	
1000	
1000	
1000	
1000	
1000	
1000	
1000	
1000	
1000	
1000	
1000	
1000	
1000	
1000	
1000	
1000	
1000	
1000	
1000	
1000	
1000	
1000	
1000	
1000	
1000	
1000	
1000	
1000	
1000	
1000	
1000	
1000	
1000	
1000	
1000	
1000	
1000	
1000	
1000	
1000	
1000	
1000	
1000	
1000	
1000	
1000	
1000	
1000	
1000	
1000	
1000	
1000	
1000	
1000	
1000	
1000	
1000	
1000	
1000	
1000	
1000	
1000	
1000	
1000	
1000	
1000	
1000	
1000	
1000	
1000	
1000	
1000	
1000	
1000	
1000	
1000	
1000	
1000	
1000	
1000	
1000	
1000	
1000	
1000	
1000	
1000	
1000	
1000	
1000	
1000	
1000	
1000	
1000	
1000	
1000	
1000	
1000	
1000	
1000	
1000	
1000	
1000	
1000	
1000	
1000	
1000	
1000	
1000	
1000	
1000	
1000	
1000	
1000	
1000	
1000	
1000	
1000	
1000	
1000	
1000	
1000	
1000	
1000	
1000	
1000	
1000	
1000	
1000	
1000	
1000	
1000	
1000	
1000	
1000	
1000	
1000	
1000	
1000	
1000	
1000	
1000	
1000	
1000	
1000	
1000	
1000	
1000	
1000	
1000	
1000	
1000	
1000	
1000	
1000	
1000	
1000	
1000	
1000	
1000	
1000	
1000	
1000	
1000	
1000	
1000	
1000	
1000	
1000	
1000	
1000	
1000	
1000	
1000	
1000	
1000	
1000	
1000	
1000	
1000	
1000	
1000	
1000	
1000	
1000	
1000	
1000	
1000	
1000	
1000	
1000	
1000	
1000	
1000	
1000	
1000	
1000	
1000	
1000	
1000	
1000	
1000	
1000	
1000	
1000	
1000	
1000	
1000	
1000	
1000	
1000	
1000	
1000	
1000	
1000	
1000	
1000	
1000	
1000	
1000	
1000	
1000	
1000	
1000	
1000	
1000	
1000	
1000	
1000	
1000	
1000	
1000	
1000	
1000	
1000	
1000	
1000	
1000	
1000	
1000	
1000	
1000	
1000	
1000	
1000	
1000	
1000	
1000	
1000	
1000	
1000	
1000	
1000	
1000	
1000	
1000	
1000	
1000	
1000	
1000	
1000	
1000	
1000	
1000	
1000	
1000	
1000	
1000	
1000	
1000	
1000	
1000	
1000	
1000	
1000	
1000	
1000	
1000	
1000	
1000	
1000	
1000	
1000	
1000	
1000	
1000	
1000	
1000	
1000	
1000	
1000	
1000	
1000	
1000	
1000	
1000	
1000	
1000	
1000	
1000	
1000	
1000	
1000	
1000	
1000	
1000	
1000	
1000	
1000	
1000	
1000	
1000	
1000	
1000	
1000	
1000	
1000	
1000	
1000	
1000	
1000	
1000	
1000	
1000	
1000	
1000	
1000	
1000	
1000	
1000	
1000	
1000	
1000	
1000	
1000	
1000	
1000	
1000	
1000	
1000	
1000	
1000	
1000	
1000	
1000	
1000	
1000	
1000	
1000	
1000	
1000	
1000	
1000	
1000	
1000	
1000	
1000	
1000	
1000	
1000	
1000	
1000	
1000	
1000	
1000	
1000	
1000	
1000	
1000	
1000	
1000	
1000	
1000	
1000	
1000	
1000	
1000	
1000	
1000	
1000	
1000	
1000	
1000	
1000	
1000	
1000	
1000	
1000	
1000	
1000	
1000	
1000	
1000	
1000	
1000	
1000	
1000	
1000	
1000	
1000	
1000	
1000	
1000	
1000	
1000	
1000	
1000	
1000	
1000	
1000	
1000	
1000	
1000	
1000	
1000	
1000	
1000	
1000	
1000	
1000	
1000	
1000	
1000	
1000	
1000	
1000	
1000	
1000	
1000	
1000	
1000	
1000	
1000	
1000	
1000	
1000	
1000	
1000	
1000	
1000	
1000	
1000	
1000	
1000	
1000	
1000	
1000	
1000	
1000	
1000	
1000	
1000	
1000	
1000	
1000	
1000	
1000	
1000	
1000	
1000	
1000	
1000	
1000	
1000	
1000	
1000	
1000	
1000	
1000	
1000	
1000	
1000	
1000	
1000	
1000	
1000	
1000	
1000	
1000	
1000	
1000	
1000	
1000	
1000	
1000	
1000	
1000	
1000	
1000	
1000	
1000	
1000	
1000	
1000	
1000	
1000	
1000	
1000	
1000	
1000	
1000	
1000	
1000	
1000	
1000	
1000	
1000	
1000	
1000	
1000	
1000	
1000	
1000	
1000	
1000	
1000	
1000	
1000	
1000	
1000	
1000	
1000	
1000	
1000	
1000	
1000	
1000	
1000	
1000	
1000	
1000	
1000	
1000	
1000	
1000	
1000	
1000	
1000	
1000	
1000	
1000	
1000	
1000	
1000	
1000	
1000	
1000	
1000	
1000	
1000	
1000	
1000	
1000	
1000	
1000	
1000	
1000	
1000	
1000	
1000	
1000	
1000	
1000	
1000	
1000	
1000	
1000	
1000	
1000	
1000	
1000	
1000	
1000	
1000	
1000	
1000	
1000	
1000	
1000	
1000	
1000	
1000	
1000	
1000	
1000	
1000	
1000	
1000	
1000	
1000	
1000	
1000	
1000	
1000	
1000	
1000	
1000	
1000	
1000	
1000	
1000	
1000	
1000	
1000	
1000	
1000	
1000	
1000	
1000	
1000	
1000	
1000	
1000	
1000	
1000	
1000	
1000	
1000	
1000	
1000	
1000	
1000	
1000	
1000	
1000	
1000	
1000	
1000	
1000	
1000	
1000	
1000	
1000	
1000	
1000	
1000	
1000	
1000	
1000	
1000	
1000	
1000	
1000	
1000	
1000	
1000	
1000	
1000	
1000	
1000	
1000	
1000	
1000	
1000	
1000	
1000	
1000	
1000	
1000	
1000	
1000	
1000	
1000	
1000	
1000	
1000	
1000	
1000	
1000	
1000	
1000	
1000	
1000	
1000	
1000	
1000	
1000	
1000	
1000	
1000	
1000	
1000	
1000	
1000	
1000	
1000	
1000	
1000	
1000	
1000	
1000	
1000	
1000	
1000	
1000	
1000	
1000	
1000	
1000	
1000	
1000	
1000	
1000	
1000	
1000	
1000	
1000	
1000	
1000	
1000	
1000	
1000	
1000	
1000	
1000	
1000	
1000	
1000	
1000	
1000	
1000	
1000	
1000	
1000	
1000	
1000	
1000	
1000	
1000	
1000	
1000	
1000	
1000	
1000	
1000	
1000	
1000	
1000	
1000	
1000	
1000	
1000	
1000	
1000	
1000	
1000	
1000	
1000	
1000	
1000	
1000	
1000	
1000	
1000	
1000	
1000	
1000	
1000	
1000	
1000	
1000	
1000	
1000	
1000	
1000	
1000	
1000	
1000	
1000	
1000	
1000	
1000	
1000	
1000	
1000	
1000	
1000	
1000	
1000	
1000	
1000	
1000	
1000	
1000	
1000	
1000	
1000	
1000	
1000	
1000	
1000	
1000	
1000	
1000	
1000	
1000	
1000	
1000	
1000	
1000	
1000	
1000	
1000	
1000	
1000	
1000	
1000	
1000	
1000	
1000	
1000	
1000	
1000	
1000	
1000	
1000	
1000	
1000	
1000	
1000	
1000	
1000	
1000	
1000	
1000	
1000	
1000	
1000	
1000	
1000	
1000	
1000	
1000	
1000	
1000	
1000	
1000	
1000	
1000	
1000	
1000	
1000	
1000	
1000	
1000	
1000	
1000	
1000	
1000	
1000	
1000	
1000	
1000	
1000	
1000	
1000	
1000	
1000	
1000	
1000	
1000	
1000	
1000	
1000	
1000	
1000	
1000	
1000	
1000	
1000	
1000	
1000	
1000	
1000	
1000	
1000	
1000	
1000	
1000	
1000	
1000	
1000	
1000	
1000	
1000	
1000	
1000	
1000	
1000	
1000	
1000	
1000	
1000	
1000	
1000	
1000	
1000	
1000	
1000	
1000	
1000	
1000	
1000	
1000	
1000	
1000	
1000	
1000	
1000	
1000	
1000	
1000	
1000	
1000	
1000	
1000	
1000	
1000	
1000	
1000	
1000	
1000	
1000	
1000	
1000	
1000	
1000	
1000	
1000	
1000	
1000	
1000	
1000	
1000	
1000	
1000	
1000	
1000	
1000	
1000	
1000	
1000	
1000	
1000	
1000	
1000	
1000	
1000	
1000	
1000	
1000	
1000	
1000	
1000	
1000	
1000	
1000	
1000	
1000	
1000	
1000	
1000	
1000	
1000	
1000	
1000	
1000	
1000	
1000	
1000	
1000	
1000	
1000	
1000	
1000	
1000	
1000	
1000	
1000	
1000	
1000	
1000	
1000	
1000	
1000	
1000	
1000	
1000	
1000	
1000	
1000	
1000	
1000	
1000	
1000	
1000	
1000	
1000	
1000	
1000	
1000	
1000	
1000	
1000	
1000	
1000	
1000	
1000	
1000	
1000	
1000	
1000	
1000	
1000	
1000	
1000	
1000	
1000	
1000	
1000	
1000	
1000	
1000	
1000	
1000	
1000	
1000	
1000	
1000	
1000	
1000	
1000	
1000	
1000	
1000	
1000	
1000	
1000	
1000	
1000	
1000	
1000	
1000	
1000	
1000	
1000	
1000	
1000	
1000	
1000	
1000	
1000	
1000	
1000	
1000	
1000	
1000	
1000	
1000	
1000	
1000	
1000	
1000	
1000	
1000	
1000	
1000	
1000	
1000	
1000	
1000	
1000	
1000	
1000	
1000	
1000	
1000	
1000	
1000	
1000	
1000	
1000	
1000	
1000	
1000	
1000	
1000	
1000	
1000	
1000	
1000	
1000	
1000	
1000	
1000	
1000	
1000	
1000	
1000	
1000	
1000	
1000	
1000	
1000	
1000	
1000	
1000	
1000	
1000	
1000	
1000	
1000	
1000	
1000	
1000	
1000	
1000	
1000	
1000	
1000	
1000	
1000	
1000	
1000	
1000	
1000	
1000	
1000	
1000	
1000	
1000	
1000	
1000	
1000	
1000	
1000	
1000	
1000	
1000	
1000	
1000	
1000	
1000	
1000	
1000	
1000	
1000	
1000	
1000	
1000	
1000	
1000	
1000	
1000	
1000	
1000	
1000	
1000	
1000	
1000	
1000	
1000	
1000	
1000	
1000	
1000	
1000	
1000	
1000	
1000	
1000	
1000	
1000	
1000	
1000	
1000	
1000	
1000	
1000	
1000	
1000	
1000	
1000	
1000	
1000	
1000	
1000	
1000	
1000	
1000	
1000	
1000	
1000	
1000	
1000	
1000	
1000	
1000	
1000	
1000	
1000	
1000	
1000	
1000	
1000	
1000	
1000	
1000	
1000	
1000	
1000	
1000	
1000	
1000	
1000	
1000	
1000	
1000	
1000	
1000	
1000	
1000	
1000	
1000	
1000	
1000	
1000	
1000	
1000	
1000	
1000	
1000	
1000	
1000	
1000	
1000	
1000	
1000	
1000	
1000	
1000	
1000	
1000	
1000	
1000	
1000	
1000	
1000	
1000	
1000	
1000	
1000	
1000	
1000	
1000	
1000	
1000	
1000	
1000	
1000	
1000	
1000	
1000	
1000	
1000	
1000	
1000	
1000	
1000	
1000	
1000	
1000	
1000	
1000	
1000	
1000	
1000	
1000	
1000	
1000	
1000	
1000	
1000	
1000	
1000	
1000	
1000	
1000	
1000	
1000	
1000	
1000	
1000	
1000	
1000	
1000	
1000	
1000	
1000	
1000	
1000	
1000	
1000	
1000	
1000	
1000	
1000	
1000	
1000	
1000	
1000	
1000	
1000	
1000	
1000	
1000	
1000	
1000	
1000	
1000	
1000	
1000	
1000	
1000	
1000	
1000	
1000	
1000	
1000	
1000	
1000	
1000	
1000	
1000	
1000	
1000	
1000	
1000	
1000	
1000	
1000	
1000	
1000	
1000	
1000	
1000	
1000	
1000	
1000	
1000	
1000	
1000	
1000	
1000	
1000	
1000	
1000	
1000	
1000	
1000	
1000	
1000	
1000	
1000	
1000	
1000	
1000	
1000	
1000	
1000	
1000	
1000	
1000	
1000	
1000	
1000	
1000	
1000	
1000	
1000	
1000	
1000	
1000	
1000	
1000	
1000	
1000	
1000	
1000	
1000	
1000	
1000	
1000	
1000	
1000	
1000	
1000	
1000	
1000	
1000	
1000	
1000	
1000	
1000	
1000	
1000	
1000	
1000	
1000	
1000	
1000	
1000	
1000	
1000	
1000	
1000	
1000	
1000	
1000	
1000	
1000	
1000	
1000	
1000	
1000	
1000	
1000	
1000	
1000	
1000	
1000	
1000	
1000	
1000	
1000	
1000	
1000	
1000	
1000	
1000	
1000	
1000	
1000	
1000	
1000	
1000	
1000	
1000	
1000	
1000	
1000	
1000	
1000	
1000	
1000	
1000	
1000	
1000	
1000	
1000	
1000	
1000	
1000	
1000	
1000	
1000	
1000	
1000	
1000	
1000	
1000	
1000	
1000	
1000	
1000	
1000	
1000	
1000	
1000	
1000	
1000	
1000	
1000	
1000	
1000	
1000	
1000	
1000	
1000	
1000	
1000	
1000	
1000	
1000	
1000	
1000	
1000	
1000	
1000	
1000	
1000	
1000	
1000	
1000	
1000	
1000	
1000	
1000	
1000	
1000	
1000	
1000	
1000	
1000	
1000	
1000	
1000	
1000	
1000	
1000	
1000	
1000	
1000	
1000	
1000	
1000	
1000	
1000	
1000	
1000	
1000	
1000	
1000	
1000	
1000	
1000	
1000	
1000	
1000	
1000	
1000	
1000	
1000	
1000	
1000	
1000	
1000	
1000	
1000	
1000	
1000	
1000	
1000	
1000	
1000	
1000	
1000	
1000	
1000	
1000	
1000	
1000	
1000	
1000	
1000	
1000	
1000	
1000	
1000	
1000	
1000	
1000	
1000	
1000	
1000	
1000	
1000	
1000	
1000	
1000	
1000	
1000	
1000	
1000	
1000	
1000	
1000	
1000	
1000	
1000	
1000	
1000	
1000	
1000	
1000	
1000	
1000	
1000	
1000	
1000	
1000	
1000	
1000	
1000	
1000	
1000	
1000	
1000	
1000	
1000	
1000	
1000	
1000	
1000	
1000	
1000	
1000	
1000	
1000	
1000	
1000	
1000	
1000	
1000	
1000	
1000	
1000	
1000	
1000	
1000	
1000	
1000	
1000	
1000	
1000	
1000	
1000	
1000	
1000	
1000	
1000	
1000	
1000	
1000	
1000	
1000	
1000	
1000	
1000	
1000	
1000	
1000	
1000	
1000	
1000	
1000	
1000	
1000	
1000	
1000	
1000	
1000	
1000	
1000	
1000	
1000	
1000	
1000	
1000	
1000	
1000	
1000	
1000	
1000	
1000	
1000	
1000	
1000	
1000	
1000	
1000	
1000	
1000	
1000	
1000	
1000	
1000	
1000	
1000	
1000	
1000	
1000	
1000	
1000	
1000	
1000	
1000	
1000	
1000	
1000	
1000	
1000	
1000	
1000	
1000	
1000	
1000	
1000	
1000	
1000	
1000	
1000	
1000	
1000	
1000	
1000	
1000	
1000	
1000	
1000	
1000	
1000	
1000	
1000	
1000	
1000	
1000	
1000	
1000	
1000	
1000	
1000	
1000	
1000	
1000	
1000	
1000	
1000	
1000	
1000	
1000	
1000	
1000	
1000	
1000	
1000	
1000	
1000	
1000	
1000	
1000	
1000	
1000	
1000	
1000	
1000	
1000	
1000	
1000	
1000	
1000	
1000	
1000	
1000	
1000	
1000	
1000	
1000	
1000	
1000	
1000	
1000	
1000	
1000	
1000	
1000	
1000	
1000	
1000	
1000	
1000	
1000	
1000	
1000	
1000	
1000	
1000	
1000	
1000	
1000	
1000	
1000	
1000	
1000	
1000	
1000	
1000	
1000	
1000	
1000	
1000	
1000	
1000	
1000	
1000	
1000	
1000	
1000	
1000	
1000	
1000	
1000	
1000	
1000	
1000	
1000	
1000	
1000	
1000	
1000	
1000	
1000	
1000	
1000	
1000	
1000	
1000	
1000	
1000	
1000	
1000	
1000	
1000	
1000	
1000	
1000	
1000	
1000	
1000	
1000	
1000	
1000	
1000	
1000	
1000	
1000	
1000	
1000	
1000	
1000	
1000	
1000	
1000	
1000	
1000	
1000	
1000	
1000	
1000	
1000	
1000	
1000	
1000	
1000	
1000	
1000	
1000	
1000	
1000	
1000	
1000	
1000	
1000	
1000	
1000	
1000	
1000	
1000	
1000	
1000	
1000	
1000	
1000	
1000	
1000	
1000	
1000	
1000	
1000	
1000	
1000	
1000	
1000	
1000	
1000	
1000	
1000	
1000	
1000	
1000	
1000	
1000	
1000	
1000	
1000	
1000	
1000	
1000	
1000	
1000	
1000	
1000	
1000	
1000	
1000	
1000	
1000	
1000	
1000	
1000	
1000	
1000	
1000	
1000	
1000	
1000	
1000	
1000	
1000	
1000	
1000	
1000	
1000	
1000	
1000	
1000	
1000	
1000	
1000	
1000	
1000	
1000	
1000	
1000	
1000	
1000	
1000	
1000	
1000	
1000	
1000	
1000	
1000	
1000	
1000	
1000	
1000	
1000	
1000	
1000	
1000	
1000	
1000	
1000	
1000	
1000	
1000	
1000	
1000	
1000	
1000	
1000	
1000	
1000	
1000	
1000	
1000	
1000	
1000	
1000	
1000	
1000	
1000	
1000	
1000	
1000	
1000	
1000	
1000	
1000	
1000	
1000	
1000	
1000	
1000	
1000	
1000	
1000	
1000	
1000	
1000	
1000	
1000	
1000	
1000	
1000	
1000	
1000	
1000	
1000	
1000	
1000	
1000	
1000	
1000	
1000	
1000	
1000	
1000	
1000	
1000	
1000	
1000	
1000	
1000	
1000	
1000	
1000	
1000	
1000	
1000	
1000	
1000	
1000	
1000	
1000	
1000	
1000	
1000	
1000	
1000	
1000	
1000	
1000	
1000	
1000	
1000	
1000	
1000	
1000	
1000	
1000	
1000	
1000	
1000	
1000	
1000	
1000	
1000	
1000	
1000	
1000	
1000	
1000	
1000	
1000	
1000	
1000	
1000	
1000	
1000	
1000	
1000	
1000	
1000	
1000	
1000	
1000	
1000	
1000	
1000	
1000	
1000	
1000	
1000	
1000	
1000	
1000	
1000	
1000	
1000	
1000	
1000	
1000	
1000	
1000	
1000	
1000	
1000	
1000	
1000	
1000	
1000	
1000	
1000	
1000	
1000	
1000	
1000	
1000	
1000	
1000	
1000	
1000	
1000	
1000	
1000	
1000	
1000	
1000	
1000	
1000	
1000	
1000	
1000	
1000	
1000	
1000	
1000	
1000	
1000	
1000	
1000	
1000	
1000	
1000	
1000	
1000	
1000	
1000	
1000	
1000	
1000	
1000	
1000	
1000	
1000	
1000	
1000	
1000	
1000	
1000	
1000	
1000	
1000	
1000	
1000	
